1_NRAS,208,264,267,201,11,48,377,38,261,50,222,173,149,192,217,209,49,139,100,206,329,472,183,102,168,173,114,207,274,105,187,99,353,102,47,242,139,212,112,117,152,95,82,212,167,258,152,207,158,192,331,118,183,149,77,269,227,108,179,153,220,212,282,37,99,87,305,197,228,68,197,265,289,276,119,296,117,95,398,60,196,99,45,181,97,100,260,47,411,450,201,229,115,198,311,167,122,250,361,326,199,361,253,42,106,226,228,63,112,73,202,143,391,180,212,171,402,186,96,72,843,421,181,330,169,228,282,119,120,69,132,168,670,197,307,83,210,529,211,21,150,153,100,117,242,84,186,16,168,223,150,87,142,129,270,262,176,320,140,222,191,402,237,36,177,168,89,131,259,290,162,215,389,141,46,228,92,31,195,213,25,402,295,122,304,20,171,229,266,242,366,122,207,125,311,200,58,165,196,142,88,88,309,132,153,278,126,214,79,138,0,132,176,128,97,174,94,139,125,236,421,148,477,99,237,145,137,111,76,128,200,282,73,321,338,122,66,173,34,210,91,70,241,133,96,141,183,178,148,145,108,200,9,53,99,126,188,122,194,494,186,47,175,199,107,173,239,126,225,267,182,335,423,260,253,522,188,230,106,47,267,191,285,134,136,125,212,149,81,570,506,357,132,214,127,260,16,57,208,136,269,326,134,426,189,379,224,112,127,61,262,149,184,194,347,94,212,255,166,183,241,233,154,155,368,533,663,73,341,407,98,163,158,237,161,70,452,52,113,340,124,239,108,121,188,127,157,139,124,321,154,363,297,128,154,151,123,143,69,195,222,196,140,167,222,183,270,390,324,240,239,313,205,270,170,138,135,99,110,294,115,217,216,55,317,137,66,190,174,29,164,228,160,220,164,80,74,223,43,206,166,217,154,234,230,63,27,99,239,188,234,170,327,418,126,311,152,175,314,134,282,151,181,169,36,94,358,255,342,378,353,278,124,44,214,321,92,342,190,205,163,114,79,281,157,63,206,225,93,288,188,619,244,187,27,336,151,228,103,279,228,154,199,21,168,203,137,102,214,135,326,184,396,230,166,294,331,141,182,446,64,40,73,179,346,275,106,250,110,93,58,228,478,167,200,240,148,90,334,132,160,218,303,130,274,112,228,159,67,206,246,314,219,121,181,177,122,111,211,171,196,222,158,113,265,33,400,150,152,160,558,182,26,346,83,361,193,142,200,173,75,39,68,134,126,185,138,382,131,308,150,189,262,252,216,204,181,194,74,185,257,327,167,118,200,174,123,70,194,193,117,176,188,127,340,123,261,220,148,362,131,144,181,153,203,373,474,222,143,223,287,195,83,139,419,125,62,124,169,159,199,207,117,160,85,96,230,229,91,196,251,332,86,51,123,139,100,43,17,203,452,68,160,191,313,205,302,217,26,29,324,97,158,217,61,105,168,244,193,337,180,105,189,185,147,332,200,80,103,164,103,209,34,159,263,184,266,167,142,196,247,212,344,283,213,112,136,143,165,165,205,147,191,139,423,90,134,60,125,189,136,112,276,186,259,148,154,286,253,49,85,234,146,175,360,90,306,104,298,236,192,271,257,131,330,314,106,217,117,205,318,281,174,242,498,118,46,526,186,57,223,126,314,172,60,196,133,401,200,150,57,23,121,312,176,202,213,168,296,309,145,39,294,130,108,68,204,289,147,94,178,124,168,228,22,189,199,20,231,203,160,155,131,329,204,347,857,22,42,172,177,218,262,216,86,359,406,150,80,220,210,196,271,139,289,299,59,208,16,74,101,112,343,310,185,160,252,181,48,208,234,144,47,277,57,169,110,212,247,140,242,138,183,234,357,200,43,188,142,125,265,186,200,126,162,265,203,274,114,148,250,271,265,199,274,251,67,300,123,124,260,226,172,176,98,21,163,60,336,153,432,161,132,185,200,213,351,188,268,142,63,45,55,228,57,103,98,59,78,355,213,177,238,213,47,106,135,318,298,55,280,155,171,157,248,90,269,246,100,84,20,260,71,149,242,182,88,345,346,240,110,210,301,115,126,152,244,367,104,152,247,314,116,252,72,222,118,182,995,236,79,94,252,173,180,166,124,107,266,123,135,193,272,157,199,143,142,57,222,190,159,106,140,245,50,344,354,233,276,211,135,188,109,107,100,54,187,96,329,252,141,179,226,80,242,213,153,149,183,288,207,173,204,118,253,186,202,17,113,289,270,229,275,179,116,527,198,227,301,147,179,296,99,202,508,180,232,126,268,194,202,210,155,219,274,164,171,179,24,304,166,301,247,389,114,74,5,205,190,166,232,45,163,61,249,147,205,201,168,398,344,172,26,224,182,97,518,177,117,116,97,37,26,175,60,104,300,154,311,119,308,214,270,135,253,168,284,120,205,152,83,217,140,185,302,43,92,205,242,397,157,338,62,232,139,302,355,238,152,206,227,190,303,247,289,75,115,299,302,302,220,83,165,334,218,120,290,211,100,83,192,257,79,591,335,91,112,316,190,146,296,216,65,223,121,175,335,245,120,126,148,61,82,262,266,92,182,532,170,199,264,184,170,255,148,63,138,151,163,100,236,219,245,171,157,208,97,160,201,300,48,73,267,62,187,190,264,135,81,266,218,380,213,361,112,58,151,157,361,257,247,306,317,351,580,370,279,119,196,48,259,138,87,152,309,143,222,323,116,302,89,180,266,105,227,160,120,192,37,304,326,152,379,131,344,165,148,82,83,221,140,127,201,250,206,221,241,160,79,303,81,271,144,269,22,283,59,128,328,266,300,145,183,138,223,223,549,192,352,56,205,294,154,34,91,330,107,185,284,171,92,110,36,158,293,173,25,31,224,37,222,196,83,208,220,151,222,286,40,121,107,53,149,300,257,168,333,280,755,62,114,59,73,214,133,159,304,422,299,125,121,391,185,185,45,207,79,137,188,227,144,364,124,176,155,340,376,85,374,323,211,257,49,73,79,198,4,480,223,139,244,276,288,128,270,81,183,179,62,206,204,104,110,79,120,179,238,314,281,123,123,166,151,292,278,64,336,337,163,269,181,272,473,149,245,266,90,220,217,97,297,248,148,176,207,270,182,220,241,353,328,298,92,397,285,103,131,99,40,171,178,176,380,147,230,119,149,220,285,140,97,149,878,40,199,184,115,172,128,319,239,133,123,155,124,223,139,122,47,41,27,76,209,223,286,169,274,314,156,123,231,264,296,233,237,234,101,244,134,135,170,437,201,199,193,272,288,88,149,237,100,94,202,36,258,138,154,282,150,410,148,135,68,199,170,224,362,27,54,317,54,237,445,242,200,200,97,247,176,98,109,172,133,347,210,147,90,65,109,184,522,255,196,267,199,284,142,171,128,263,151,99,186,328,244,143,149,60,73,336,82,174,184,269,176,192,223,153,313,104,278,231,195,27,284,105,178,206,117,276,279,149,0,163,309,243,114,234,222,303,119,539,389,320,103,382,134,177,99,288,315,247,37,185,226,180,218,89,336,129,323,142,337,234,234,332,242,329,276,273,183,135,361,367,257,383,176,179,241,103,243,124,67,184,316,232,119,299,147,26,92,191,310,189,107,514,151,339,256,306,359,282,203,180,204,63,212,303,345,110,103,252,180,38,124,169,103,101,95,90,107,93,258,111,77,296,85,213,162,169,86,38,179,64,211,61,191,109,92,363,228,112,107,238,82,290,99,245,189,283,220,265,123,173,272,335,237,99,120,138,204,124,162,86,249,548,302,110,291,234,309,77,150,255,271,223,142,158,102,143,234,270,350,203,331,313,347,275,272,180,292,211,130,156,89,218,299,83,148,59,329,49,142,142,286,294,239,223,107,158,428,232,279,96,353,70,471,58,236,182,155,116,58,99,174,239,197,177,287,61,280,115,184,216,228,121,125,315,69,166,249,170,133,231,159,57,132,144,188,152,124,168,214,299,160,164,58,420,156,157,36,127,119,724,248,148,91,230,306,86,49,51,56,21,59,197,147,261,89,26,262,40,42,32,261,194,235,217,101,187,218,313,266,133,148,132,41,306,288,224,194,251,179,83,186,310,294,276,222,407,229,197,133,168,142,432,342,44,364,222,8,53,164,535,163,153,151,173,30,190,97,392,237,366,170,199,326,253,161,196,320,166,208,112,541,63,332,146,158,242,52,147,201,78,129,337,164,286,264,365,203,139,239,52,50,250,215,212,325,141,257,234,147,135,59,164,114,202,266,173,283,173,230,360,180,267,232,121,178,34,116,171,159,298,151,332,98,151,398,214,122,208,191,258,259,307,211,303,212,264,169,120,302,203,183,100,181,165,176,377,287,195,32,125,258,222,194,286,254,135,69,145,277,198,237,241,162,93,193,195,159,203,133,215,111,121,216,108,127,276,79,339,225,250,147,178,46,318,198,81,290,144,254,139,193,194,162,45,404,337,207,369,216,170,186,136,186,177,149,216,223,111,157,245,146,243,174,288,219,145,142,295,219,46,111,133,416,308,131,271,161,122,326,302,147,138,398,154,144,118,256,187,305,385,88,212,112,144,201,103,305,110,162,37,230,134,26,6,133,229,161,103,257,135,160,130,214,232,254,79,173,94,152,493,635,77,132,150,248,163,299,19,241,169,72,179,408,190,241,140,214,57,45,243,190,309,139,59,165,103,73,341,205,152,324,166,317,234,176,131,60,308,91,416,231,213,122,127,217,224,143,220,240,288,239,77,280,143,42,135,274,739,235,398,187,96,145,369,450,276,435,280,142,128,194,239,331,323,245,217,245,205,166,165,839,196,258,164,35,337,96,236,221,57,215,69,219,360,141,76,137,406,297,135,180,156,389,313,197,36,145,132,51,331,80,280,144,99,182,290,227,170,54,99,90,216,217,302,168,239,167,50,142,169,260,278,189,296,193,51,88,66,373,86,297,297,221,239,90,228,120,160,127,81,239,144,285,172,114,232,184,222,188,110,63,264,300,477,42,105,151,226,268,147,90,274,279,374,292,465,226,259,208,228,244,212,330,204,215,132,258,213,306,208,134,137,268,341,146,166,250,78,348,310,152,200,212,224,193,319,174,243,107,402,163,183,157,231,201,33,112,128,153,183,144,136,102,120,86,285,44,284,302,257,255,242,112,220,207,351,161,94,125,112,257,215,272,288,35,211,173,148,154,452,177,43,123,289,27,86,164,359,138,268,254,224,303,236,204,215,313,289,166,219,149,318,123,42,85,175,146,153,199,194,292,173,229,138,229,139,88,132,170,630,141,182,207,177,149,226,144,220,207,73,205,236,98,80,97,109,164,128,30,44,104,68,65,24,72,209,216,282,158,59,414,294,313,179,111,134,233,22,233,341,143,275,264,215,137,240,254,154,161,313,147,102,207,127,295,284,238,444,272,154,204,168,176,218,282,200,42,138,263,375,158,209,248,200,291,151,81,205,193,344,284,259,149,53,33,389,310,219,74,33,99,59,382,236,239,218,110,62,159,210,258,117,92,208,425,225,38,212,349,60,235,130,129,344,404,40,279,77,116,264,267,114,228,326,148,185,281,255,67,287,364,164,135,312,197,204,291,121,180,282,154,110,123,75,437,149,309,298,59,139,203,27,253,129,194,68,375,224,269,183,318,237,315,250,78,212,152,236,390,229,319,233,130,345,121,290,290,71,51,51,190,142,164,482,229,166,393,58,336,325,221,226,73,256,415,315,126,163,207,155,156,399,212,65,171,191,145,324,369,251,262,223,158,376,153,105,270,138,119,259,152,136,218,144,216,92,202,166,164,19,30,46,196,91,117,211,41,163,181,213,324,171,180,170,70,191,111,417,90,46,147,253,122,211,150,214,298,179,147,103,329,175,352,164,210,287,131,126,200,273,369,135,136,408,69,221,103,233,46,236,99,94,129,148,295,196,260,142,110,129,126,56,323,298,181,127,84,340,183,164,192,234,198,55,87,291,121,150,96,197,174,162,148,330,279,201,170,224,155,205,227,450,272,91,408,62,155,157,238,239,170,271,261,228,110,413,323,324,722,127,45,178,70,189,53,87,82,164,278,198,122,71,565,85,225,166,114,194,119,148,345,236,142,101,111,158,240,207,86,88,66,96,94,245,129,323,129,179,448,91,199,288,88,165,347,180,230,308,265,176,125,320,122,109,62,214,167,198,169,161,262,66,179,173,123,299,442,181,221,87,289,234,34,197,140,329,243,102,207,210,197,281,41,238,141,209,315,164,260,254,221,79,227,131,165,147,233,527,421,461,327,57,151,57,118,117,108,106,370,110,105,199,189,215,120,106,146,190,163,168,164,278,201,317,191,264,482,80,40,116,144,249,159,408,110,266,244,130,211,122,158,607,161,157,172,154,58,253,87,168,265,139,131,121,229,150,648,284,99,137,160,113,61,50,220,39,112,18,298,149,119,357,275,373,164,203,356,261,387,173,46,242,288,163,125,359,50,311,265,55,108,307,255,120,253,314,158,307,96,267,231,128,93,85,90,39,135,155,421,139,253,120,319,267,169,197,50,109,303,58,85,174,93,94,139,66,171,205,290,102,204,229,60,142,328,240,72,237,35,135,396,272,258,133,230,415,245,167,167,358,98
2_DNMT3A,84,86,89,64,14,21,192,15,112,13,47,60,17,108,42,148,12,27,62,110,140,229,66,39,145,121,38,105,61,41,100,76,59,56,26,100,37,68,38,42,73,20,72,77,23,115,63,58,85,76,86,66,67,84,10,69,113,36,122,76,105,53,59,9,25,21,98,83,59,26,30,44,134,34,56,149,72,43,241,19,30,51,56,122,89,100,126,39,138,125,50,157,74,70,88,59,5,104,153,80,57,178,120,11,22,114,91,14,19,4,106,116,94,55,117,49,126,72,0,23,88,215,109,92,11,84,97,103,32,12,64,16,165,48,124,31,147,176,80,20,75,51,3,41,96,16,106,16,62,155,78,27,25,0,68,130,106,113,90,53,97,171,53,3,46,109,87,99,93,113,4,56,236,54,18,105,13,16,90,39,23,149,155,158,141,6,66,81,22,106,173,40,110,57,136,70,95,107,38,56,2,70,130,94,4,127,22,116,65,48,115,67,83,72,68,96,2,43,47,97,128,27,187,17,155,45,71,56,18,60,79,140,5,66,111,35,58,23,29,97,52,17,65,84,40,44,110,85,54,61,54,83,12,9,18,33,80,65,114,235,86,30,20,47,8,75,122,16,78,48,54,171,154,113,90,234,85,90,15,7,154,34,47,58,57,34,110,76,46,91,180,51,40,24,68,75,19,26,73,54,115,94,38,111,67,140,133,8,37,16,102,72,123,57,311,13,77,46,53,162,132,107,55,68,187,226,411,7,171,224,65,12,72,115,25,30,195,9,47,166,44,89,41,35,104,79,71,77,39,168,51,189,105,58,87,46,42,64,14,42,117,116,62,50,52,101,144,140,128,87,94,140,100,121,51,91,57,47,43,96,13,57,67,4,106,75,23,106,84,15,67,89,92,105,80,39,36,65,16,106,14,79,44,38,109,7,7,72,106,88,107,27,102,187,45,61,31,63,138,56,54,80,77,126,5,17,64,135,136,188,237,113,12,7,90,137,93,147,57,77,58,10,51,141,14,16,111,79,94,156,54,220,53,85,106,85,44,113,19,136,116,29,139,15,97,58,87,53,47,77,144,72,206,90,73,96,126,29,35,133,22,10,44,95,131,73,10,127,95,12,22,109,176,47,64,139,58,22,122,52,71,86,170,41,173,65,65,88,12,124,106,96,138,42,38,93,47,46,126,83,92,69,128,15,50,18,227,42,66,102,208,68,25,170,11,198,101,55,90,26,12,40,27,65,43,46,59,177,64,149,47,81,129,133,63,55,123,113,14,56,125,196,88,79,66,64,41,58,90,69,47,74,50,36,118,58,134,0,42,238,32,44,59,52,41,184,192,61,41,121,145,92,69,84,182,56,4,63,71,54,116,75,24,61,28,65,64,140,41,56,105,70,59,14,66,66,74,8,14,79,163,23,19,56,138,79,100,110,19,13,151,57,65,104,29,69,103,66,115,105,74,36,59,80,92,167,92,20,27,46,48,117,27,82,88,85,158,76,48,31,114,71,98,35,112,46,40,42,87,91,38,74,87,52,158,26,88,37,19,142,63,70,109,76,80,61,53,154,84,10,30,112,26,66,119,28,128,50,146,123,54,105,128,66,112,139,21,89,53,84,178,108,84,74,228,70,22,211,78,17,83,40,94,82,48,50,21,168,96,15,14,11,80,130,109,70,89,65,139,143,8,10,61,33,65,38,104,145,71,58,94,60,23,110,3,148,61,7,105,58,104,40,91,67,46,169,382,4,12,110,78,79,31,76,17,82,134,85,25,109,101,82,128,16,151,63,27,151,7,59,50,53,123,150,58,99,123,86,23,154,120,28,15,122,52,84,13,91,123,47,119,57,97,79,165,56,12,73,71,47,111,61,146,57,77,141,88,173,12,42,104,153,135,36,56,55,79,117,32,68,179,91,43,80,47,25,228,10,94,69,130,25,48,113,116,86,71,72,96,86,27,16,11,56,11,11,53,17,15,97,46,151,87,88,20,41,53,185,101,8,68,70,96,89,110,8,117,111,22,51,6,140,17,88,116,55,63,122,52,82,72,67,74,6,3,50,144,156,24,72,89,128,64,108,18,73,22,122,234,90,0,20,103,94,6,50,55,13,131,83,29,32,174,48,137,50,97,43,126,95,19,40,73,126,14,152,152,86,153,152,93,66,26,32,31,25,113,88,137,69,172,42,127,17,192,88,116,40,87,111,109,48,77,36,121,83,37,4,35,112,68,128,193,106,69,201,127,73,85,30,69,103,51,30,223,120,96,83,143,85,52,200,74,142,128,60,101,73,22,146,80,161,114,86,70,16,4,88,140,87,119,8,21,53,72,58,40,74,48,173,151,10,9,69,115,20,272,58,32,0,26,19,7,22,5,54,137,57,124,43,94,51,175,51,0,105,135,92,64,78,55,95,82,29,150,24,16,72,125,107,65,145,37,128,67,160,187,105,115,85,49,54,99,201,83,26,57,182,109,132,98,95,61,155,89,67,73,84,28,56,59,65,61,312,97,53,22,133,119,3,116,107,38,127,54,38,126,84,58,32,5,15,59,82,140,134,57,208,56,48,92,60,75,121,60,15,15,91,69,56,100,96,104,99,84,104,16,49,67,144,13,1,158,37,128,55,110,17,27,93,160,159,46,176,55,10,38,76,154,115,60,278,176,45,117,172,161,57,80,15,130,61,120,104,153,77,72,127,45,136,60,53,113,91,58,56,28,169,9,120,124,56,153,88,187,51,56,90,18,151,58,30,116,136,24,111,69,90,60,129,32,96,90,91,3,139,40,55,67,146,74,63,108,216,50,78,159,98,101,15,40,152,68,13,47,100,66,81,143,120,32,54,15,85,130,74,10,11,95,1,97,88,62,75,81,14,50,161,19,29,71,6,81,94,70,61,161,76,277,12,85,13,10,100,29,86,155,182,205,76,69,193,78,43,11,127,41,60,134,40,82,124,87,79,42,125,155,5,217,135,114,121,16,9,45,65,12,191,147,94,105,74,94,56,122,20,86,70,57,120,31,51,44,16,49,67,91,105,154,58,16,83,95,74,96,22,153,118,29,110,110,72,183,77,99,136,23,100,131,38,79,97,0,58,120,71,52,79,98,216,318,132,45,144,134,59,134,25,87,75,55,97,204,35,130,33,43,83,143,57,10,65,394,8,92,102,70,99,46,181,52,65,54,51,41,111,95,22,16,18,10,54,106,112,113,70,107,155,89,37,120,194,107,97,91,107,23,120,99,26,51,193,30,115,89,62,89,23,20,56,39,60,59,11,155,75,44,132,31,221,55,73,33,95,51,56,188,30,17,95,37,112,215,129,45,76,62,93,82,14,61,93,59,41,114,107,19,16,7,60,154,42,90,133,79,136,28,109,76,19,52,3,66,156,119,44,99,12,47,174,47,75,48,113,47,106,86,42,151,52,85,98,54,7,136,27,97,46,77,139,83,88,21,92,147,78,5,143,73,98,71,99,185,148,15,135,31,100,5,115,170,90,39,81,109,88,47,1,78,31,161,34,153,99,13,145,92,109,113,76,82,46,136,108,99,167,76,67,122,4,108,46,2,90,60,100,29,78,120,23,13,66,63,28,88,263,94,225,124,107,129,140,47,36,17,34,53,218,138,79,62,84,94,25,7,64,31,30,16,33,45,45,96,90,6,106,38,128,103,52,8,55,79,15,36,32,66,16,57,184,122,33,51,47,2,131,38,101,84,92,41,77,45,92,174,131,147,45,15,57,121,28,56,56,123,187,128,14,107,97,62,54,104,76,102,76,95,0,54,35,123,114,114,92,104,59,172,128,109,141,138,50,14,63,8,197,108,31,215,75,164,64,47,81,147,117,112,66,97,91,198,86,62,80,140,59,218,11,68,117,103,43,11,31,42,79,61,92,129,30,121,32,84,77,11,63,58,132,17,73,98,3,18,102,42,65,25,5,77,40,102,65,67,106,0,116,32,99,74,79,9,56,44,319,148,75,62,56,119,37,0,41,16,10,12,91,58,156,16,14,94,9,13,14,115,73,76,157,61,71,118,159,56,56,102,67,20,54,141,38,72,65,40,20,54,104,111,35,81,181,44,90,70,36,41,298,134,12,176,106,85,7,71,220,39,50,93,82,5,57,47,180,62,184,83,95,120,149,95,107,139,21,14,43,339,22,132,89,76,126,26,66,87,41,113,29,75,180,77,70,102,77,114,47,29,174,84,60,50,51,61,136,60,29,23,60,65,90,112,38,5,38,103,209,113,140,76,60,35,22,103,33,22,61,46,129,79,88,160,145,13,101,120,158,98,136,24,102,86,99,62,54,145,77,52,44,91,44,72,157,84,92,7,96,68,61,90,51,9,32,20,69,115,52,109,78,53,36,17,102,4,98,37,29,9,147,102,57,63,81,32,44,66,112,83,55,14,119,84,60,43,46,70,48,64,73,19,50,124,164,62,175,99,67,94,85,17,49,64,102,137,47,90,110,63,54,67,126,58,51,101,134,112,14,78,87,206,157,93,120,86,56,169,125,57,46,192,81,31,83,102,108,131,105,6,72,20,28,123,26,141,56,41,17,115,89,10,2,88,74,90,90,101,142,21,70,107,107,105,8,85,14,48,71,234,25,53,50,112,141,160,14,37,86,3,35,131,91,99,73,84,69,3,164,76,126,59,43,68,8,56,141,86,65,176,14,190,91,73,56,10,120,43,192,120,142,37,86,82,97,47,85,49,94,117,0,93,64,19,106,78,355,90,200,129,12,65,59,218,112,188,78,45,58,105,97,115,116,110,110,141,84,46,62,116,85,152,32,9,162,31,122,78,23,92,11,77,122,40,17,22,156,69,30,117,78,160,96,79,12,56,93,23,73,54,127,69,34,62,135,68,84,46,25,56,88,121,44,22,146,24,14,87,31,113,113,119,101,72,18,44,73,59,20,68,151,112,95,47,120,12,67,30,21,88,63,80,113,38,131,98,75,61,11,14,184,75,200,13,43,52,78,64,24,94,141,32,95,129,256,95,118,114,101,112,124,126,60,108,78,157,168,164,55,86,39,106,114,51,44,96,23,133,189,18,116,80,81,103,66,103,79,91,154,50,94,30,80,104,24,53,69,51,71,52,32,12,148,37,113,7,97,80,121,103,35,28,84,70,192,58,86,56,38,113,33,80,146,17,67,134,44,91,83,57,21,101,146,3,26,48,159,38,98,106,78,64,120,88,95,33,120,49,104,28,89,5,8,41,51,45,51,102,90,131,62,73,83,110,90,28,56,106,337,17,61,114,100,26,41,64,87,99,5,83,118,59,38,42,49,65,60,16,11,28,9,19,12,61,96,4,127,40,22,115,118,109,136,45,27,22,8,119,131,80,124,111,123,19,98,80,67,95,135,82,46,117,60,148,142,152,174,139,94,63,33,59,69,120,114,12,69,101,106,84,91,109,68,148,73,6,125,62,149,134,119,128,31,7,168,83,71,21,22,67,10,166,90,83,63,30,22,58,69,105,69,77,89,201,78,17,145,149,14,51,40,56,80,107,27,138,27,54,101,129,24,86,184,46,64,74,142,30,92,164,62,66,104,130,21,122,105,64,112,76,88,59,75,175,77,160,112,60,88,103,16,73,47,92,9,118,92,209,15,151,161,196,68,31,23,46,115,151,1,135,127,20,148,71,122,134,18,34,60,76,33,51,283,90,30,148,17,160,138,90,87,12,114,174,118,41,111,73,93,89,152,98,25,40,8,76,122,143,143,150,135,37,230,77,63,121,64,54,59,45,67,54,59,84,58,75,69,38,5,8,15,76,18,70,69,23,33,79,107,79,66,85,79,71,60,26,180,62,15,65,131,41,100,59,96,57,77,51,26,179,76,145,79,85,138,83,32,61,105,128,18,44,111,10,98,80,52,31,100,75,3,31,80,113,78,117,208,47,64,43,31,100,114,152,75,34,74,93,67,124,69,19,13,13,88,16,16,30,133,60,63,84,130,48,68,42,113,66,40,116,244,117,26,241,28,46,39,108,111,50,117,100,100,17,110,137,78,214,49,17,91,19,15,10,43,69,75,302,117,68,16,302,27,130,82,55,68,47,36,184,156,16,25,6,64,91,24,31,29,16,5,51,40,70,167,57,62,167,4,28,137,21,60,190,61,97,92,106,37,14,133,48,29,46,116,63,65,67,20,82,22,79,105,32,122,230,22,6,18,86,70,11,99,14,138,91,12,118,114,78,93,5,108,34,42,143,35,79,48,71,25,127,82,26,79,39,307,188,55,114,40,69,11,38,19,28,58,141,50,65,108,64,132,10,56,56,40,44,55,27,72,24,79,92,93,94,33,8,42,89,84,78,145,49,131,27,52,13,33,36,214,14,22,49,34,7,153,16,45,103,54,16,33,137,69,214,127,41,98,105,53,55,13,71,20,43,5,133,121,52,164,3,164,88,205,152,125,183,34,11,110,83,98,74,79,19,131,116,45,7,138,124,104,116,84,35,84,53,120,198,71,29,31,27,62,87,77,223,10,119,10,66,87,74,79,45,46,126,17,53,87,51,51,77,32,30,52,125,6,149,101,10,53,163,75,9,51,12,39,105,18,140,71,104,167,92,47,89,159,27
2_SF3B1,316,249,311,187,219,210,458,561,223,156,266,213,255,799,289,332,82,438,85,380,516,629,266,279,298,324,156,248,479,84,358,71,508,267,142,698,188,223,409,262,326,17,335,301,278,243,168,185,349,358,378,253,199,256,173,384,1147,161,380,187,393,221,339,89,327,251,362,314,374,200,205,220,288,19,129,372,160,131,544,219,351,863,126,292,226,270,409,473,807,413,252,309,421,169,312,172,276,263,315,351,265,398,414,67,466,227,474,0,323,305,254,254,441,194,587,254,491,243,169,146,725,454,230,494,264,280,294,381,174,243,185,301,719,254,448,79,382,720,254,362,366,158,119,221,346,324,274,132,187,424,226,149,283,214,325,477,289,287,0,296,287,529,231,273,206,298,264,233,287,327,316,367,368,187,142,227,147,81,235,354,136,362,558,266,319,291,126,481,357,532,484,168,246,228,480,234,244,203,337,131,143,237,318,332,222,394,158,365,192,223,298,181,292,191,608,184,444,331,316,843,417,537,563,118,380,148,103,155,142,543,225,418,169,196,445,179,126,151,250,271,190,178,330,190,166,199,146,246,193,195,168,196,236,78,195,138,228,168,193,1034,247,413,235,316,400,395,55,248,277,421,209,405,605,256,255,580,743,375,902,460,196,515,265,129,192,170,240,405,188,620,440,303,252,425,173,285,189,327,179,427,273,351,165,302,241,442,377,188,154,159,349,171,347,210,530,170,228,464,243,476,281,227,299,132,477,631,721,97,593,675,530,236,274,267,327,224,567,118,145,544,144,238,164,139,202,190,175,213,114,427,205,958,287,128,232,167,168,266,68,138,250,443,158,234,213,285,436,462,304,342,740,352,286,312,269,176,153,133,135,220,196,292,239,505,374,472,89,263,207,3,150,332,240,226,249,353,392,775,300,476,286,294,150,256,274,212,506,148,327,217,262,240,320,426,210,441,233,174,431,147,386,273,272,268,343,193,143,408,226,423,839,317,162,88,202,326,164,225,158,290,511,367,181,325,518,242,273,214,510,406,228,790,255,335,265,492,300,347,302,327,231,334,243,198,228,232,391,126,427,539,378,290,495,294,279,189,950,220,250,321,528,120,196,326,405,118,154,170,470,899,160,272,716,218,438,412,564,320,401,133,170,222,535,222,359,59,345,277,121,244,192,220,420,688,197,191,300,369,396,321,202,225,409,302,827,440,272,295,177,130,568,138,195,343,171,794,200,255,219,286,169,86,298,247,591,160,190,562,223,398,261,166,364,104,228,184,296,313,193,21,380,419,217,398,219,211,300,114,283,226,463,199,230,233,350,170,379,339,389,797,319,150,224,196,397,522,753,231,277,210,927,252,124,233,596,155,262,163,237,247,285,356,192,157,224,180,338,273,154,209,399,390,151,60,188,149,182,120,29,903,492,231,173,441,351,32,377,308,134,271,350,217,185,244,137,297,379,221,265,520,459,139,651,236,297,389,290,322,282,204,189,399,216,197,224,264,307,185,173,344,343,452,484,797,193,206,188,269,523,286,531,320,361,212,497,345,164,157,210,653,218,315,311,284,181,258,195,282,439,237,173,251,276,420,428,109,314,0,479,288,301,388,339,96,222,387,209,350,241,241,465,186,111,282,570,133,33,642,142,389,193,322,270,310,180,410,281,463,217,252,233,266,113,648,386,125,249,217,298,482,182,155,349,285,119,73,253,289,184,146,356,152,349,274,198,445,324,326,410,248,202,470,260,450,276,379,1021,90,207,279,254,340,215,254,100,356,444,208,366,295,262,374,232,227,217,480,176,387,57,304,117,160,398,576,256,199,272,287,298,437,294,173,162,267,330,176,235,255,311,178,254,201,204,217,558,416,300,226,239,168,258,318,340,170,423,555,285,500,146,171,279,514,289,173,268,467,254,265,219,198,329,283,263,177,262,207,606,129,439,206,526,411,159,196,201,217,358,130,224,169,207,270,259,118,129,156,243,531,122,416,378,442,309,285,222,131,505,436,338,243,176,501,319,169,213,249,359,339,232,292,252,307,152,272,405,920,428,391,419,250,245,597,453,237,58,155,293,462,103,137,274,324,367,272,54,309,273,273,1741,155,165,171,330,185,244,337,144,273,292,251,236,568,308,264,345,192,280,74,297,229,230,118,212,1081,291,421,381,383,292,432,244,333,177,162,164,239,244,158,588,373,220,122,276,211,479,338,217,283,272,350,245,165,508,263,382,383,344,191,215,407,325,238,495,276,176,522,534,179,352,189,214,535,358,208,682,273,323,175,407,227,247,461,191,295,302,215,203,220,45,187,412,499,298,507,147,210,268,249,352,156,578,125,158,198,343,304,167,75,164,455,472,287,116,176,128,184,736,155,179,144,158,107,79,258,191,231,425,118,479,147,318,418,294,485,407,246,187,223,245,151,199,181,187,183,331,106,272,356,517,683,140,528,76,280,218,367,442,275,242,210,283,289,176,692,312,151,294,527,315,298,222,413,263,457,360,234,297,433,443,530,276,432,178,674,479,109,421,298,457,166,479,173,79,373,172,179,390,283,216,266,184,155,281,272,435,394,276,867,293,143,321,117,446,242,311,167,298,176,176,165,279,218,701,311,199,293,224,425,194,351,300,129,267,299,314,164,201,277,146,286,350,409,156,502,163,195,183,234,469,326,272,1087,376,570,1209,576,278,136,215,55,266,201,152,214,286,245,256,277,183,436,165,284,445,160,279,273,288,80,313,361,331,139,53,798,451,181,98,191,273,283,95,197,272,386,365,328,266,403,137,279,348,244,226,491,224,440,135,200,455,397,305,206,242,436,424,325,480,306,385,499,222,351,219,368,107,294,161,449,383,155,283,110,129,147,338,211,198,381,227,410,242,411,408,409,200,232,182,387,108,190,189,141,174,410,299,250,456,308,897,96,63,110,432,202,148,199,282,543,607,155,145,440,290,130,191,193,396,133,374,394,398,461,185,294,181,437,464,215,277,419,676,254,56,370,263,385,1,590,383,270,269,357,340,173,362,117,272,206,162,329,185,188,286,261,131,233,372,412,311,146,17,158,127,332,219,397,330,453,261,411,390,376,689,208,271,314,135,234,273,152,358,318,276,153,164,375,327,347,273,208,872,318,191,311,577,204,299,126,202,105,212,207,531,384,312,248,401,232,452,269,298,220,2136,125,244,223,215,194,108,448,317,163,196,223,98,357,293,209,168,155,172,88,386,282,233,528,363,355,274,420,292,334,432,276,285,298,199,253,195,377,278,633,292,274,233,282,358,172,180,217,478,145,252,350,347,173,259,266,195,690,179,166,152,214,303,255,477,106,50,330,247,403,690,167,230,347,181,339,225,121,138,208,266,555,288,269,249,290,353,391,525,273,223,358,183,345,205,174,219,487,423,315,230,361,125,187,100,126,168,450,232,239,332,201,211,364,286,260,340,170,361,238,219,164,323,186,267,310,283,388,377,376,89,234,379,440,219,306,363,197,309,979,333,229,160,268,246,239,208,380,378,263,198,219,262,171,257,75,336,100,310,284,425,251,116,339,309,407,352,320,582,330,382,325,397,407,172,254,375,336,283,260,228,236,261,267,554,724,400,192,222,419,98,121,183,737,117,483,362,761,521,429,240,184,391,97,366,530,491,265,242,371,246,209,189,243,184,256,320,233,136,194,345,199,677,409,233,466,225,379,138,40,203,145,1021,153,183,182,201,329,261,145,213,203,366,501,178,253,276,289,493,347,145,289,454,1227,389,150,204,311,133,117,145,170,227,470,294,290,342,247,402,141,192,321,388,209,282,69,165,275,300,351,382,147,420,436,340,307,243,237,384,388,245,51,169,601,443,138,475,245,596,268,154,341,285,327,307,213,246,325,508,198,362,639,417,264,462,101,415,224,265,218,186,224,200,400,242,252,357,438,421,145,253,372,439,197,465,285,129,203,257,332,252,277,205,242,191,501,263,168,140,119,157,291,558,431,88,521,415,245,268,204,199,1054,311,180,152,129,719,191,107,239,266,53,35,188,314,355,105,58,237,36,33,47,312,551,249,143,138,285,211,348,435,259,247,404,200,511,239,292,222,323,357,226,126,422,329,489,285,448,325,227,160,330,102,795,289,243,418,218,376,107,161,422,668,345,164,174,47,322,133,551,354,380,231,440,370,306,206,150,417,218,209,134,680,196,468,540,209,341,184,127,280,101,466,345,175,432,273,290,269,324,284,83,53,386,298,356,461,224,383,368,179,525,344,378,182,232,241,251,432,358,284,453,268,415,177,167,169,241,251,319,147,309,312,318,213,232,785,344,287,342,540,318,284,193,202,652,242,282,124,178,341,143,321,171,298,394,174,367,314,260,390,418,304,301,128,329,225,273,285,12,317,440,313,355,221,212,181,243,142,268,283,161,202,243,287,293,70,340,104,360,422,210,239,227,110,415,349,426,274,163,664,360,219,193,207,83,330,363,313,536,331,296,214,178,322,176,231,240,316,162,185,266,332,234,160,569,339,240,167,371,358,238,174,180,378,392,228,307,201,161,471,342,205,133,336,272,235,221,549,346,455,483,134,389,271,373,310,108,330,161,311,257,244,322,274,152,247,437,187,215,249,477,218,174,166,415,337,405,191,134,419,902,907,477,185,753,239,271,576,101,333,260,169,266,488,210,371,186,369,298,514,232,532,353,149,106,334,157,0,445,287,139,623,369,463,532,297,670,202,540,378,464,403,240,234,232,473,99,129,284,259,321,158,248,262,250,183,376,399,1227,233,806,179,170,214,227,565,372,565,383,173,124,379,320,351,406,289,262,394,291,198,258,953,240,398,248,148,464,213,281,339,186,282,179,260,443,245,208,192,436,262,188,288,188,381,340,691,353,248,260,229,492,116,292,223,151,196,341,344,438,186,227,135,165,301,365,200,296,182,481,105,290,358,338,200,315,228,49,123,195,316,118,298,420,502,194,22,114,153,238,311,151,319,188,162,166,109,222,160,293,188,183,167,413,529,880,237,178,141,178,334,338,200,553,298,315,376,437,289,791,362,225,368,210,421,178,357,262,355,308,346,379,207,139,226,416,169,178,348,128,404,447,199,242,291,259,376,257,125,270,55,404,167,193,244,245,326,35,294,122,178,270,189,322,332,462,112,341,31,367,326,353,245,405,111,215,248,376,217,267,230,168,253,253,321,279,284,245,381,215,176,665,261,71,291,424,48,308,230,716,250,480,224,371,313,277,233,281,409,384,176,212,162,457,177,514,120,237,322,106,239,229,352,209,306,277,300,327,148,178,389,960,170,188,295,213,349,296,251,283,204,246,252,261,109,210,230,188,149,247,158,56,375,226,97,34,122,252,248,251,98,113,496,243,529,373,132,205,508,110,613,294,263,378,173,307,252,263,329,298,256,387,176,136,499,160,715,177,378,220,477,159,129,213,230,300,198,220,76,211,229,578,137,395,42,247,445,131,205,244,338,445,376,330,195,272,445,297,183,356,269,136,347,182,526,225,245,203,58,290,270,1,264,196,212,353,507,299,393,346,354,151,115,211,219,727,393,418,452,161,155,393,315,239,332,521,216,259,292,271,165,385,497,222,145,218,455,1169,315,311,304,384,487,277,189,301,577,139,334,364,148,216,230,102,209,161,121,302,510,257,514,293,416,293,485,238,381,397,166,412,562,225,223,289,251,366,69,281,362,170,279,288,266,169,272,680,182,266,353,270,636,358,345,170,230,264,588,534,203,286,282,127,202,694,269,100,152,314,145,376,372,348,500,305,191,532,201,151,225,169,202,412,222,215,260,249,255,183,342,390,356,247,304,164,165,277,134,317,401,417,332,209,343,187,223,191,197,196,194,571,109,158,212,402,164,276,292,350,341,372,169,218,273,162,344,334,314,280,213,370,412,430,220,644,200,727,179,247,87,256,398,257,98,45,318,169,165,198,304,742,239,504,187,166,418,225,356,277,763,543,409,207,538,306,116,214,295,314,287,176,129,387,328,149,143,179,487,264,154,552,254,238,237,541,252,269,858,209,229,209,394,164,243,361,161,369,89,505,512,236,925,190,386,462,208,141,155,92,314,164,1038,274,152,251,512,508,286,206,259,217,120,314,902,275,293,222,155,147,295,342,118,182,160,153,146,265,171,548,182,233,461,207,348,418,287,182,934,278,384,341,146,226,780,376,391,235,251,284,236,656,214,214,371,138,215,186,234,329,539,36,360,135,459,306,359,288,216,277,313,347,340,334,159,336,97,200,131,223,479,246,284,219,523,120,325,369,249,271,242,751,580,525,207,291,314,151,302,153,639,205,911,301,145,312,401,342,104,423,390,521,510,221,235,371,583,249,352,185,334,135,181,145,314,288,129,468,264,255,223,143,419,38,164,548,215,131,216,209,352,307,297,415,306,173,171,291,422,210,900,261,183,343,344,179,409,186,212,213,171,124,417,286,190,377,268,320,291,675,317,399,469,293,68,249,243,399,312,484,89,366,312,89,205,243,261,329,291,307,256,325,184,180,513,47,138,600,147,359,276,196,654,313,210,200,232,234,188,214,330,139,388,79,71,222,122,153,178,282,422,243,298,162,427,154,267,180,289,320,181,303,133,142,366,284,383,311,520,426,335,216,224,376,342
2_IDH1,122,187,113,117,28,69,198,85,117,32,156,99,102,163,102,167,63,106,63,156,199,245,78,146,133,136,64,119,139,88,167,3,174,101,40,219,80,109,127,196,145,100,166,159,119,76,82,91,145,141,96,124,75,191,74,160,247,72,207,73,217,89,129,18,113,75,163,161,143,110,152,123,135,190,66,94,86,70,277,88,89,79,68,161,140,149,188,212,310,222,121,143,222,89,153,89,170,117,174,192,138,177,144,27,108,93,196,20,83,89,96,98,222,95,210,103,218,83,43,30,472,168,97,183,128,89,104,80,109,103,89,151,282,119,199,54,125,345,98,146,152,64,90,100,90,106,162,111,86,178,100,90,139,121,160,160,131,125,109,91,140,175,115,57,121,126,127,76,133,152,91,192,376,79,204,121,64,33,103,133,43,214,231,160,245,68,89,137,212,227,191,87,133,121,260,85,141,100,195,45,134,104,149,130,105,139,83,147,132,76,160,73,121,160,184,66,70,149,150,259,201,193,238,86,145,45,53,52,52,243,94,210,80,156,162,80,67,156,100,133,51,45,123,97,79,101,94,107,74,88,49,104,52,29,114,81,124,75,101,368,90,76,85,241,158,244,164,86,98,226,100,100,219,68,97,262,203,176,111,39,115,155,78,46,74,93,51,174,70,88,237,213,154,148,85,133,46,123,85,180,145,150,91,159,141,219,197,58,51,42,281,71,102,89,150,87,58,32,137,183,121,77,122,61,186,268,319,88,285,318,104,94,85,120,124,136,252,50,74,205,52,124,134,108,101,96,38,82,85,167,106,323,156,40,88,62,62,148,69,69,127,174,72,110,142,172,169,182,153,117,110,150,117,94,112,63,105,36,86,86,128,193,122,90,176,124,57,126,73,40,67,113,41,118,72,11,165,192,15,185,131,152,86,118,177,93,104,91,154,116,115,115,90,225,108,169,131,95,178,71,240,99,149,122,65,59,87,137,177,191,383,169,69,80,91,161,112,157,115,138,228,171,71,169,181,42,137,133,191,164,84,326,126,168,125,57,130,194,57,140,124,88,103,68,118,83,145,52,137,138,99,140,60,156,106,287,214,102,116,148,70,54,51,155,228,146,115,122,145,83,66,109,437,107,166,161,125,86,114,38,45,130,239,181,178,84,136,140,52,112,73,95,161,163,96,62,82,123,198,129,103,84,179,61,208,144,210,96,76,103,298,100,12,151,128,238,79,94,152,145,56,47,20,72,123,110,86,245,63,152,97,52,150,166,58,80,168,158,130,100,166,159,109,118,89,89,156,40,137,100,98,67,79,62,134,62,207,148,204,323,159,49,106,97,143,349,335,135,97,68,170,103,36,74,195,75,32,94,151,104,92,103,72,114,140,95,137,125,136,106,191,171,67,59,50,82,92,19,9,228,257,105,71,179,183,125,176,150,65,59,137,142,55,99,100,99,211,98,92,220,184,84,167,103,76,156,110,96,73,110,64,166,98,79,120,130,117,81,70,126,225,298,250,208,111,67,78,89,117,171,160,154,169,131,218,106,67,101,75,164,86,131,143,87,97,113,87,125,158,87,105,148,88,124,184,63,150,53,182,93,183,276,104,46,125,171,109,176,148,139,181,178,79,126,255,63,8,299,94,110,107,155,174,144,75,144,114,144,116,130,102,51,92,291,153,78,133,92,156,216,115,43,187,93,58,60,105,168,86,65,195,53,133,136,111,177,117,22,170,99,98,133,133,161,91,159,421,23,81,136,122,142,162,97,63,233,145,79,128,137,136,196,154,82,184,169,59,66,51,116,51,0,177,287,121,98,113,235,87,169,96,59,101,117,121,79,143,70,129,58,78,68,54,103,186,69,67,153,99,45,147,173,234,81,159,204,97,118,94,68,128,224,162,108,81,210,86,132,91,73,165,75,108,92,92,67,295,63,159,78,236,195,76,104,114,76,161,51,106,105,92,157,65,68,51,51,79,54,119,125,131,184,179,107,168,108,103,232,157,74,139,139,178,79,130,94,144,131,66,132,71,151,88,123,134,213,213,114,250,164,95,78,183,108,92,88,135,222,78,77,138,175,87,169,7,147,107,131,633,119,101,73,140,100,117,88,57,66,151,127,92,182,152,153,173,83,54,37,123,123,114,100,101,285,120,212,275,214,105,171,96,131,92,86,88,102,117,47,181,178,141,135,111,52,236,214,47,150,86,127,73,109,164,108,117,175,111,24,93,166,157,200,238,141,56,280,235,97,121,3,88,209,129,97,195,168,115,72,216,69,87,223,52,132,145,99,94,114,37,194,208,185,104,217,58,102,47,120,179,130,163,61,78,62,226,145,137,94,60,187,221,169,43,204,96,86,326,100,107,79,93,56,48,124,54,107,237,88,153,72,81,176,144,88,205,124,152,94,100,70,108,78,125,79,143,38,131,136,172,366,90,246,28,129,58,115,127,101,138,85,114,137,202,274,132,91,130,153,116,158,65,114,105,220,122,137,150,91,200,240,121,211,94,301,108,69,125,169,225,98,183,114,48,107,68,104,167,87,91,118,94,53,117,79,197,171,94,339,162,80,123,107,131,105,170,100,179,146,91,56,121,168,303,130,125,128,73,140,131,169,23,52,132,49,125,92,117,83,49,140,165,235,63,172,71,104,127,111,200,199,142,299,179,297,626,146,210,54,100,56,131,54,90,105,153,146,83,165,31,209,47,150,148,87,109,79,118,108,72,178,145,76,191,184,172,90,42,101,164,110,93,89,88,192,163,150,149,165,53,134,74,161,101,150,39,167,95,49,323,205,156,73,75,169,249,130,261,148,181,52,145,140,97,37,49,246,106,205,141,129,137,32,64,50,140,80,81,19,147,52,182,115,44,139,110,80,86,188,47,106,69,25,78,161,99,49,172,156,373,37,104,38,41,91,122,76,127,234,276,76,143,178,120,68,49,78,87,74,161,169,190,179,52,140,79,231,177,50,177,124,395,133,23,51,126,175,71,119,96,119,83,157,155,77,178,75,59,95,62,153,115,118,108,57,47,47,158,209,156,66,131,80,130,139,169,146,142,232,106,163,271,146,270,105,78,114,76,80,128,69,151,140,144,96,144,84,117,133,141,186,190,152,85,266,275,83,121,91,74,65,100,101,200,150,153,127,146,108,139,113,82,107,698,93,138,87,118,105,74,234,102,68,83,111,33,157,105,105,90,54,48,37,159,119,177,106,133,143,97,94,146,195,196,94,129,127,85,111,92,141,114,327,163,90,127,96,143,53,137,170,115,37,90,90,164,86,133,100,87,262,75,107,59,103,103,66,127,76,15,156,79,120,182,92,55,124,141,125,92,88,49,94,110,179,128,135,86,75,101,226,319,145,107,135,79,118,90,127,92,184,151,63,112,181,144,123,59,36,104,214,71,66,156,141,79,135,114,71,182,45,143,97,43,61,134,133,114,146,142,107,181,130,70,89,87,13,112,198,219,157,185,405,37,155,151,165,15,111,65,89,170,172,87,100,141,96,136,34,161,72,215,162,202,136,109,163,122,254,143,180,108,94,192,107,137,216,112,109,189,165,120,127,100,114,160,74,144,222,187,131,171,243,162,108,64,321,60,205,178,242,69,166,98,72,154,58,174,213,194,165,68,156,152,60,97,107,103,108,123,96,56,140,141,92,71,116,123,203,132,187,23,144,34,67,177,53,90,89,103,220,94,39,105,155,60,249,61,96,118,155,156,140,113,137,213,378,172,87,149,143,109,84,70,66,140,205,132,152,88,90,55,27,65,127,105,72,127,191,93,126,156,113,155,95,121,100,125,132,112,117,152,178,50,57,99,181,216,73,129,125,186,73,80,112,229,136,90,95,94,160,230,154,149,231,205,120,216,44,94,82,120,67,58,106,98,200,169,104,137,196,151,63,64,161,166,73,79,127,64,71,150,167,88,118,134,42,82,75,108,100,113,33,92,133,172,164,34,212,164,95,60,82,121,525,123,171,64,163,145,77,56,103,24,14,14,82,89,129,46,13,158,15,11,20,147,155,97,145,62,149,96,170,184,158,109,120,118,176,139,133,100,154,115,95,94,130,134,171,135,172,123,99,60,110,94,233,179,34,142,95,104,89,49,129,51,149,84,108,36,138,43,212,156,94,23,144,128,126,158,82,60,21,26,19,246,19,158,79,54,168,30,34,97,45,26,57,54,80,63,75,52,62,79,21,33,91,119,143,250,100,143,112,84,234,106,61,77,92,142,169,129,207,97,188,133,111,95,69,93,75,84,138,66,130,141,166,90,91,288,103,136,124,247,145,122,89,131,267,45,53,30,55,167,116,106,61,100,153,86,122,170,83,94,160,194,80,125,142,104,114,48,47,206,192,154,139,78,53,133,107,25,93,60,119,149,158,108,79,66,150,41,184,175,153,99,97,31,167,108,172,129,92,191,133,72,120,104,42,211,188,200,269,146,197,73,91,147,135,103,128,147,62,93,122,91,151,80,178,160,71,114,142,180,65,56,58,239,146,132,133,86,66,205,127,75,54,159,119,90,69,212,125,202,185,116,191,45,130,122,94,152,59,138,82,138,161,84,92,124,154,83,94,138,234,131,82,224,187,146,52,100,89,149,298,504,65,52,122,150,121,125,39,150,102,37,28,220,83,132,78,92,149,159,154,183,132,95,35,116,81,21,165,145,92,201,170,198,191,155,186,46,260,36,267,180,158,111,90,136,122,70,108,137,129,112,64,41,105,51,172,171,749,122,365,93,104,73,87,338,159,235,165,76,55,103,128,198,136,105,157,131,102,121,133,492,159,157,73,29,229,38,119,114,79,95,50,84,209,114,36,69,187,162,111,155,73,124,149,166,53,103,129,48,157,92,147,101,98,82,157,157,152,140,88,44,112,123,160,89,152,86,72,55,184,162,138,119,90,86,13,59,73,163,38,205,239,214,116,48,88,104,82,15,108,124,61,146,38,64,104,107,80,94,91,43,123,154,323,132,95,88,135,213,34,74,168,152,143,141,187,128,108,122,104,215,114,150,77,161,96,165,134,185,109,89,65,136,183,52,88,199,86,192,156,17,51,31,85,96,174,53,97,42,143,35,74,61,71,94,22,163,95,130,91,89,87,74,193,44,107,34,131,151,105,98,110,31,110,30,132,96,84,99,41,117,122,150,194,101,108,206,114,73,131,98,13,133,150,89,58,125,265,59,194,113,160,147,109,134,239,164,178,135,134,50,111,58,16,67,49,145,58,85,80,219,105,113,135,167,103,67,86,140,426,58,138,101,50,19,139,101,147,74,88,95,131,66,87,92,89,95,99,95,28,79,76,75,22,59,109,138,51,64,20,185,113,221,161,57,129,206,44,306,219,119,113,120,147,78,124,117,115,85,189,5,50,193,68,202,77,112,188,218,111,98,109,123,150,137,31,27,85,129,246,110,135,131,102,188,124,89,116,134,204,151,106,151,57,17,170,134,113,20,56,135,72,160,112,121,46,48,94,158,118,85,83,119,161,228,149,83,101,204,31,144,64,72,200,165,64,114,74,65,97,146,111,124,170,64,106,111,104,36,176,195,105,61,146,215,153,133,26,129,218,164,115,25,137,292,54,112,102,69,91,82,51,127,84,140,83,161,129,243,109,157,101,166,132,63,147,75,138,224,161,158,138,143,146,43,134,156,122,106,30,146,80,74,225,76,98,202,144,291,169,154,98,148,77,271,238,88,121,92,97,83,312,114,99,131,157,73,173,218,151,192,108,75,228,118,86,177,67,62,148,28,87,180,85,133,67,157,182,119,49,33,24,122,75,60,125,109,155,128,124,153,53,112,111,85,99,90,209,92,39,75,177,67,204,158,95,162,170,65,49,155,61,189,171,143,136,85,134,165,157,187,171,79,237,71,138,78,135,63,95,80,63,129,80,114,94,77,273,95,160,88,88,183,139,186,112,178,165,204,96,113,182,59,121,88,147,146,97,53,150,207,70,77,169,189,110,71,270,55,122,104,214,85,87,353,44,96,100,155,152,79,175,201,139,83,225,167,204,478,83,79,185,92,100,52,39,143,83,258,170,85,109,195,179,169,117,185,96,47,115,313,128,118,59,78,76,128,142,89,77,92,33,74,177,114,247,96,130,282,30,89,161,102,63,114,110,143,144,157,109,106,182,44,53,145,132,98,161,100,131,174,66,125,68,112,112,266,160,138,108,263,90,2,95,77,218,127,139,158,79,112,145,12,152,72,116,164,118,100,183,100,112,142,129,130,91,146,326,248,252,172,190,143,92,100,86,177,82,267,95,67,104,129,128,89,63,127,167,249,171,86,199,152,113,132,139,260,75,74,52,128,102,146,186,148,120,111,40,86,67,110,244,42,97,100,75,118,94,159,166,116,71,91,66,160,90,346,83,118,205,149,108,57,51,94,44,127,40,102,116,34,149,144,180,138,220,134,165,260,107,31,140,108,129,181,163,29,157,124,53,50,166,120,177,109,159,107,125,91,95,198,63,87,67,89,116,81,72,165,167,128,105,90,166,112,105,117,60,163,22,23,113,56,64,95,127,172,120,72,75,240,106,112,83,134,154,47,152,44,73,133,98,206,179,211,171,71,141,91,175,160
3_GATA2,96,35,71,34,2,6,112,78,77,5,63,36,63,168,48,79,6,107,22,28,49,175,72,37,51,63,22,83,64,38,49,19,61,81,32,61,19,34,25,23,40,20,72,59,5,56,44,40,58,54,35,10,33,35,26,48,67,21,61,68,60,66,79,2,26,14,20,36,8,15,28,19,114,42,30,178,13,28,70,59,39,39,19,31,1,47,65,108,108,102,7,133,115,58,38,35,39,88,83,83,109,155,47,14,22,3,64,0,0,9,39,48,64,50,98,54,96,25,1,12,19,105,45,101,16,50,58,144,10,22,32,12,184,18,159,27,109,168,36,5,36,41,27,28,24,18,30,35,26,87,25,20,32,37,59,106,41,50,0,3,30,30,49,9,11,86,52,51,63,103,5,34,146,31,58,21,5,6,84,7,5,47,126,109,92,27,44,102,121,65,96,25,42,38,93,70,53,45,47,22,15,55,63,70,5,116,20,54,38,62,88,28,55,48,29,43,11,63,30,116,83,26,139,22,40,48,97,37,12,66,12,112,3,0,195,32,16,29,29,5,58,31,95,62,30,34,54,60,29,31,30,31,19,15,0,27,105,38,101,224,25,24,12,42,48,54,55,5,115,60,48,80,116,38,47,92,92,120,11,3,124,28,73,37,0,17,11,69,0,33,117,32,24,43,31,81,5,24,25,52,84,57,11,99,36,86,61,8,12,24,49,32,62,64,124,12,62,129,24,112,52,65,61,12,26,258,360,6,119,140,24,44,69,2,9,30,160,7,5,99,35,29,27,14,98,44,14,73,19,13,9,206,113,6,1,27,16,87,10,29,70,127,39,14,27,47,99,78,42,42,151,56,42,102,46,32,45,43,42,49,9,50,68,12,134,106,14,69,56,10,13,13,72,93,69,12,52,46,11,66,19,61,29,61,127,3,45,47,39,24,55,22,2,126,21,36,0,26,5,1,72,33,26,65,78,27,46,117,49,210,211,77,28,21,37,136,20,95,78,0,124,63,22,113,80,24,36,14,12,62,39,202,45,95,95,0,8,32,30,89,76,34,63,23,109,34,75,9,45,50,34,21,85,74,39,130,86,0,70,101,20,43,23,58,108,32,93,40,38,20,21,45,143,75,115,72,30,17,76,25,25,63,111,45,89,8,141,69,3,40,86,92,118,163,65,60,21,19,35,52,77,37,82,3,65,89,0,2,54,23,162,30,12,69,24,109,90,33,77,32,12,11,5,23,59,36,47,98,34,67,23,54,88,46,63,52,1,45,23,38,185,114,54,73,17,79,59,0,47,48,42,38,41,13,100,47,103,52,36,149,89,43,57,58,32,103,269,164,45,32,114,50,57,53,172,34,15,32,40,24,38,69,24,37,75,38,85,18,28,6,0,18,18,8,60,45,35,0,10,61,101,0,37,145,55,0,78,43,7,20,87,35,0,50,9,29,49,16,34,69,66,18,94,39,66,65,51,16,26,28,22,47,73,35,65,38,88,61,32,37,101,180,109,27,121,20,20,64,60,88,77,94,89,46,96,29,43,47,37,77,59,66,123,45,51,23,30,63,68,8,29,59,11,36,151,9,104,4,97,115,5,98,82,36,68,161,7,163,34,119,122,73,8,0,139,16,16,165,44,26,110,53,66,44,35,3,8,24,71,0,8,6,47,49,178,30,65,50,89,114,32,14,59,7,56,22,88,58,38,29,70,53,90,63,37,0,58,10,188,0,49,21,6,39,85,83,397,13,3,81,101,16,65,35,15,25,59,48,125,80,59,75,30,19,42,51,8,79,13,10,40,28,59,102,41,60,78,97,12,110,107,13,39,97,22,52,29,32,28,28,99,79,58,38,111,88,33,38,19,20,77,110,48,21,72,105,34,24,18,74,55,262,86,30,74,88,31,76,28,32,144,58,35,49,4,6,237,6,115,38,87,67,39,64,132,37,118,51,82,36,44,20,4,44,28,27,35,18,17,101,107,92,43,60,58,36,59,139,74,19,152,31,6,87,0,36,97,54,21,18,13,99,18,31,87,48,27,103,34,65,9,77,32,47,30,19,64,80,17,75,51,106,25,95,5,46,9,84,156,20,6,58,88,62,8,18,22,19,82,64,58,180,72,57,58,41,32,33,30,74,20,35,52,33,17,105,128,135,85,96,32,37,22,19,32,22,51,0,84,25,75,74,68,6,139,62,58,5,37,132,30,51,61,1,126,49,10,10,34,177,89,67,125,81,2,95,154,104,64,26,29,152,38,34,122,66,59,27,52,60,54,104,28,57,41,62,40,69,3,48,81,58,64,98,22,11,30,34,1,0,125,4,15,20,154,37,7,22,42,152,32,90,5,30,61,30,211,67,6,0,8,13,14,37,6,41,70,10,104,28,102,35,84,14,44,70,19,25,20,35,38,111,72,37,81,22,44,82,228,63,40,76,15,84,36,150,73,128,45,33,44,55,105,60,112,5,30,132,66,101,30,63,42,88,88,95,127,77,106,100,43,29,2,167,22,21,20,61,121,2,109,24,15,28,25,58,155,70,81,41,9,26,2,34,68,155,35,121,56,38,54,33,43,86,121,13,18,44,8,29,56,104,61,35,5,56,2,21,83,143,30,0,55,7,50,21,61,46,13,59,65,69,16,49,36,3,37,44,105,100,89,151,145,155,192,73,92,33,33,22,79,71,38,81,165,44,21,49,13,246,34,43,209,50,19,32,36,114,16,86,110,22,86,43,108,35,45,33,48,126,2,29,0,80,18,62,34,65,39,55,19,50,56,31,67,65,65,39,75,120,76,75,35,86,194,53,124,52,93,16,7,48,31,14,12,162,29,98,63,98,59,55,13,39,87,71,5,6,65,20,164,53,66,82,43,6,34,186,15,10,34,7,31,233,62,47,107,79,208,7,0,24,30,35,43,43,90,168,151,93,60,180,0,43,6,16,38,36,62,136,78,111,8,47,48,119,62,17,60,63,198,49,10,15,34,50,12,172,34,33,49,54,86,22,128,17,42,6,0,85,52,25,85,15,19,44,53,50,81,32,50,54,86,0,7,7,89,105,48,52,41,46,94,50,55,69,16,76,65,17,127,55,32,26,6,124,17,39,49,41,217,94,26,75,226,31,3,17,51,50,44,34,142,3,46,27,41,73,15,31,18,43,246,14,31,85,33,46,44,109,17,35,28,21,22,117,50,28,6,11,8,10,84,66,41,37,59,47,49,36,54,141,75,24,35,31,29,46,45,5,8,115,74,64,76,86,31,44,44,57,14,28,71,7,123,37,23,107,30,114,42,17,0,57,12,85,39,2,13,61,16,6,152,29,43,56,0,56,15,12,23,48,47,43,80,87,5,12,90,41,136,6,29,46,122,95,11,73,63,66,31,2,1,154,58,26,38,18,0,61,39,41,18,50,24,69,42,29,58,19,83,54,47,13,40,31,53,33,39,101,139,43,1,34,100,67,10,71,108,83,45,181,118,77,66,121,24,34,15,65,81,98,0,85,104,67,67,0,192,35,42,68,175,77,87,94,123,74,186,107,100,35,166,37,92,67,28,14,144,47,61,1,19,56,17,65,4,175,67,19,0,50,92,9,30,196,51,107,60,107,64,91,67,58,48,36,84,158,5,43,61,87,119,28,36,39,26,29,27,2,37,31,73,31,7,95,39,148,38,47,55,29,46,29,27,19,81,12,24,79,38,40,16,4,5,5,33,91,8,41,55,60,45,49,83,154,38,25,52,37,25,25,3,27,40,94,50,73,170,39,49,39,39,99,55,25,9,0,19,44,49,13,58,28,89,73,117,115,72,95,118,67,12,12,8,173,123,29,77,46,172,24,32,25,116,9,25,54,53,42,90,86,33,11,117,30,107,11,25,0,57,48,16,18,57,101,18,28,66,96,123,27,52,48,52,18,53,82,9,57,109,57,10,84,36,45,9,8,72,22,55,36,45,46,30,72,27,73,35,53,12,21,36,269,142,45,0,59,142,22,5,12,18,9,6,47,63,46,6,5,113,9,7,4,25,143,107,100,20,43,76,0,133,48,62,55,1,38,0,50,53,2,53,19,55,97,60,40,2,122,32,42,23,82,17,231,97,14,81,71,190,5,32,248,160,106,3,28,14,61,50,142,72,1,21,100,100,148,54,36,96,81,27,30,340,29,194,43,44,34,0,34,47,30,31,0,114,107,125,44,65,30,46,28,19,69,64,40,79,12,58,161,52,52,53,10,57,46,70,53,96,9,92,0,93,70,37,31,26,20,136,51,34,79,124,72,1,36,147,94,25,1,83,104,160,115,31,61,60,89,30,23,84,33,70,34,86,23,52,85,68,86,36,36,60,41,29,45,3,21,2,20,76,48,51,71,28,46,15,62,0,47,27,29,53,83,55,35,18,150,29,21,93,51,0,44,31,95,32,23,40,19,102,41,52,39,18,5,23,100,119,51,54,56,98,62,13,18,55,45,60,36,42,82,35,52,52,69,52,26,62,130,50,27,72,2,101,128,71,54,76,4,182,104,0,20,180,82,74,32,81,63,155,65,37,53,0,34,122,29,126,28,16,46,67,49,8,32,61,108,14,39,57,124,0,57,64,107,39,21,2,7,65,123,182,7,3,2,89,107,85,5,73,29,0,29,128,51,0,40,52,72,88,73,72,76,55,2,73,24,16,33,13,39,102,26,72,58,51,105,14,67,11,119,28,27,18,1,158,12,74,94,71,45,74,2,130,39,10,84,62,202,51,65,124,10,92,69,226,55,135,47,42,40,18,75,20,113,82,94,85,47,1,1,111,33,46,0,22,115,8,46,26,9,87,16,116,17,40,13,49,52,9,55,102,22,43,91,111,30,19,52,11,102,1,60,25,20,39,107,87,72,0,23,25,1,59,49,0,153,26,6,20,25,131,48,28,85,49,4,37,19,26,23,42,64,61,46,20,32,61,38,52,23,52,1,60,65,36,72,28,162,54,32,10,90,43,141,27,7,22,87,72,13,8,90,46,50,92,146,88,92,60,59,2,78,68,54,56,25,83,1,123,1,37,45,51,65,40,3,20,13,85,178,69,89,48,42,68,34,66,55,33,122,23,63,30,76,79,11,51,23,87,80,30,24,7,82,20,100,14,71,80,60,103,88,14,64,84,133,24,44,34,22,69,9,1,87,13,64,132,50,33,54,14,6,75,117,5,26,39,206,27,2,70,50,4,52,44,42,64,89,40,47,69,91,5,3,38,81,72,17,61,55,121,52,1,33,81,63,25,12,57,213,47,65,40,65,54,38,62,41,78,30,117,27,18,20,36,0,17,44,18,4,31,4,10,3,32,50,63,130,26,15,91,107,106,78,6,11,66,10,208,122,35,78,113,64,17,62,22,66,59,141,74,16,69,0,55,168,100,118,114,26,66,24,65,115,71,95,11,34,48,115,83,91,75,58,55,50,1,56,16,154,105,83,21,9,2,59,7,107,20,5,75,14,145,3,57,77,15,15,42,56,31,76,34,45,139,24,29,61,88,14,25,54,51,109,86,21,51,31,32,67,74,16,31,81,22,31,41,55,11,20,244,44,22,0,117,30,58,67,44,128,63,37,18,29,67,30,75,57,26,36,101,44,86,25,27,2,64,34,94,6,91,136,68,76,16,50,48,67,126,135,66,63,33,78,61,78,19,24,4,39,77,25,2,205,45,89,137,33,132,187,10,41,64,15,131,170,21,54,71,19,24,12,40,34,0,73,30,9,111,76,54,33,49,90,66,26,117,35,54,57,50,23,62,82,33,12,46,37,34,4,14,47,92,46,26,94,38,75,49,120,100,26,43,19,51,26,30,93,45,1,42,22,33,118,12,72,87,58,48,37,123,42,123,110,0,51,48,7,110,44,26,37,13,95,13,97,84,27,24,58,24,6,33,38,0,82,43,136,23,85,40,7,110,82,213,48,62,106,90,38,40,24,48,0,42,90,35,0,26,63,79,26,27,98,50,44,41,86,31,20,14,171,20,45,140,23,11,67,56,38,74,52,71,53,19,71,1,97,164,14,44,111,23,6,4,43,38,31,148,51,18,16,109,51,27,50,58,50,16,57,108,89,14,11,3,31,97,29,6,24,62,6,14,32,54,127,42,101,94,27,25,88,57,0,126,43,68,139,65,41,50,5,28,12,32,39,68,71,58,41,59,16,54,94,21,103,113,17,18,14,55,57,105,43,32,106,36,16,67,60,5,39,14,7,39,41,98,33,48,50,119,7,108,210,0,99,57,134,95,43,116,42,65,21,6,12,66,29,211,42,40,1,25,54,14,28,24,67,185,33,7,33,1,0,49,64,66,0,8,30,73,64,47,84,44,22,20,29,21,36,4,43,39,36,60,35,20,127,41,76,45,1,23,19,112,2,256,115,99,105,1,42,31,19,30,22,30,10,100,63,12,139,49,106,46,45,116,90,101,14,20,40,87,86,118,69,17,95,28,8,1,76,52,22,45,68,26,34,0,158,65,28,4,2,62,126,60,80,143,47,62,38,55,92,44,49,19,32,36,5,12,35,22,20,52,13,23,25,96,42,107,31,89,38,75,79,13,30,0,30,94,5,77,39,161,59,160,8,25,0,124
4_KIT,177,223,242,182,41,14,364,129,147,54,131,186,95,121,222,289,38,149,121,114,248,470,206,125,241,232,50,179,201,77,212,146,131,97,0,224,103,162,94,118,38,5,122,221,58,216,140,196,254,237,205,219,90,225,33,215,241,122,311,147,217,204,211,30,145,30,254,167,123,60,157,80,258,161,83,277,178,89,460,60,130,143,91,251,149,184,298,64,258,355,155,226,139,166,179,135,96,161,281,247,146,384,236,39,66,189,239,46,74,53,143,246,370,134,237,89,313,171,30,59,400,347,180,312,89,180,244,273,127,56,94,76,442,196,325,103,221,366,189,63,111,128,69,121,178,35,230,76,139,128,133,44,60,122,198,284,108,196,74,197,177,362,205,20,99,235,122,150,263,316,80,151,394,115,95,173,48,30,171,136,52,137,314,209,413,65,156,177,181,160,333,115,216,163,335,198,128,189,213,136,68,89,270,191,48,286,67,126,154,176,344,133,152,229,151,154,57,135,137,270,327,168,402,102,222,119,168,126,45,170,210,399,238,257,322,125,96,74,46,214,129,100,259,136,121,105,189,155,125,187,99,153,46,23,59,129,123,187,155,547,167,38,133,138,52,191,191,57,178,264,191,153,349,147,222,428,410,212,82,41,227,134,216,126,98,73,150,98,108,329,441,255,81,167,158,121,131,98,192,128,175,188,69,370,155,358,236,78,79,34,197,105,309,201,359,40,204,233,97,314,251,195,181,104,369,443,655,46,261,465,163,133,164,235,59,107,388,24,117,238,121,158,119,119,160,165,113,163,125,237,99,447,243,134,164,166,56,229,37,85,132,211,137,181,206,129,270,347,290,238,188,166,236,250,133,155,150,95,99,204,54,52,176,40,272,232,47,227,124,15,123,229,115,230,156,116,80,182,16,222,48,181,135,207,266,59,78,96,225,206,206,136,250,351,103,234,84,143,259,128,233,138,99,202,122,60,148,163,180,323,390,264,115,48,187,236,147,289,151,179,339,175,124,257,244,30,236,188,248,80,12,587,210,236,225,260,133,222,63,230,197,118,264,44,193,159,139,64,90,84,166,192,424,233,148,308,396,86,187,351,37,73,93,263,266,163,174,103,159,58,64,215,528,171,345,227,118,95,242,68,181,114,401,107,263,116,166,188,95,206,209,206,228,248,155,173,141,176,223,184,199,196,301,55,191,113,288,133,132,163,457,146,16,288,100,288,109,82,181,128,66,42,36,119,83,141,131,353,149,250,100,165,212,263,166,104,138,256,97,135,235,328,179,102,95,165,199,90,188,178,116,152,142,98,215,153,263,147,115,196,162,141,187,136,120,419,624,226,79,166,301,193,152,186,406,125,47,71,216,142,190,198,29,155,69,91,191,234,102,162,218,161,83,52,153,130,164,60,34,133,309,80,74,171,288,156,211,183,43,36,285,95,143,149,45,122,190,167,187,281,217,34,57,176,186,384,163,68,98,99,77,105,89,96,205,198,261,140,100,212,155,283,375,144,178,88,141,118,150,159,135,280,216,126,413,89,98,85,123,205,147,178,261,70,178,140,170,229,199,47,90,260,101,220,287,56,232,0,222,204,185,298,239,135,161,189,62,71,184,207,357,179,154,203,422,149,39,404,175,100,194,123,293,94,88,85,38,307,218,110,28,16,132,309,294,167,181,109,215,244,102,29,240,123,154,83,100,239,162,66,137,105,122,140,46,238,104,31,167,171,190,142,177,290,251,303,735,22,104,249,180,217,79,161,71,223,185,173,54,214,229,180,245,89,140,200,62,173,50,131,93,100,244,328,135,167,241,326,38,337,216,94,79,178,182,170,112,202,133,84,214,183,179,210,281,254,69,157,157,111,240,139,368,105,194,344,174,263,59,158,238,257,239,143,82,209,137,139,108,147,269,214,117,185,80,73,281,51,267,182,404,211,118,184,205,189,322,121,254,188,131,63,41,153,43,84,102,34,109,214,228,268,296,226,111,176,126,258,183,59,299,160,193,176,179,62,222,234,113,121,20,165,48,205,292,159,201,315,210,216,95,123,116,152,77,102,210,346,30,147,160,275,170,251,29,212,258,203,593,203,42,115,247,157,99,129,135,28,239,148,157,245,280,165,250,108,192,67,212,128,110,106,170,176,30,332,331,333,296,289,176,154,136,37,32,78,220,88,254,223,284,211,209,36,395,236,113,170,263,240,142,158,204,113,205,161,220,16,94,281,270,187,295,139,117,459,458,202,140,184,170,483,73,63,358,208,259,139,300,163,166,372,183,261,221,93,159,107,64,289,221,238,235,228,103,45,31,149,313,212,253,49,84,128,186,121,139,120,120,369,207,136,27,134,161,94,349,133,43,42,79,48,51,120,20,138,240,115,204,94,235,136,211,70,279,212,292,139,177,159,142,165,168,121,293,42,164,228,247,322,164,296,68,251,187,245,329,139,268,212,133,72,209,189,246,70,103,238,284,256,178,264,135,186,186,194,239,140,121,195,104,145,61,327,371,97,113,284,178,45,230,182,64,256,118,126,271,221,162,110,89,59,101,208,221,264,114,531,149,99,174,162,223,218,257,49,116,205,147,85,201,201,308,218,184,154,30,81,222,191,38,27,271,70,208,109,219,185,70,258,157,328,110,424,116,42,188,172,336,135,122,280,242,334,567,410,199,88,156,24,208,111,157,220,169,57,199,270,64,280,121,128,235,148,220,103,45,219,40,227,301,108,113,136,298,157,151,153,63,208,152,137,198,263,110,299,221,312,111,188,110,219,240,213,16,293,75,149,283,227,252,67,182,294,386,254,437,155,365,13,92,280,141,51,75,419,202,167,274,168,47,92,31,142,286,87,37,12,227,26,270,189,100,260,153,62,187,129,76,68,114,29,145,337,222,194,240,206,603,29,128,47,69,182,81,131,238,392,362,95,161,391,175,145,34,129,56,47,289,179,337,304,95,192,113,259,311,65,292,246,281,194,41,53,71,175,58,173,308,180,195,226,251,103,310,61,197,112,113,197,155,112,87,37,135,231,65,253,267,126,86,152,175,220,192,40,276,253,126,236,131,212,304,111,174,189,48,124,221,103,236,189,182,120,200,258,150,294,200,328,538,305,111,221,189,145,258,71,119,148,144,182,348,53,220,93,139,113,258,169,48,182,717,9,176,142,143,85,138,317,178,136,129,109,84,210,159,55,82,19,35,109,296,218,268,66,193,202,234,66,190,222,184,242,138,173,83,231,128,126,91,551,173,216,242,241,261,121,102,161,147,104,134,55,245,135,140,229,172,473,116,120,38,156,142,186,291,63,35,174,99,229,515,223,135,208,163,271,191,54,99,185,212,276,139,173,70,61,178,220,331,150,152,266,228,233,80,175,124,266,186,11,200,286,195,83,164,32,61,254,162,139,176,212,129,233,193,170,309,129,236,231,152,26,265,117,221,96,156,242,170,139,9,145,224,201,176,227,230,209,179,496,240,335,64,217,90,131,56,311,317,222,0,161,155,139,205,32,324,176,33,251,374,195,67,162,115,341,202,218,102,113,402,59,287,170,181,146,402,113,218,171,62,187,180,216,134,285,191,70,43,184,116,158,152,556,119,255,248,296,351,256,189,130,95,74,52,240,291,60,106,249,231,115,131,160,55,102,12,62,118,81,170,165,36,343,75,166,166,101,80,155,156,40,140,83,175,77,142,415,248,110,82,164,18,270,57,169,197,186,179,216,99,234,371,296,268,116,87,109,161,160,134,148,221,406,227,206,307,222,197,99,126,211,210,210,176,0,107,131,241,204,237,217,288,315,227,286,227,278,199,345,22,69,83,291,191,50,255,131,333,81,157,203,365,193,280,166,48,168,335,196,170,93,57,73,379,36,206,143,173,130,27,36,127,223,234,197,282,175,299,116,220,216,130,145,66,212,44,147,180,311,207,172,100,197,90,51,252,123,178,120,170,237,202,224,84,296,193,99,25,87,98,759,243,149,139,188,133,30,18,163,24,38,24,169,124,309,41,21,238,28,31,24,277,146,207,284,101,170,103,280,94,111,159,131,49,293,155,234,200,263,116,76,124,233,218,203,193,343,119,168,124,204,84,252,278,35,331,198,236,46,152,463,97,220,158,173,24,162,104,319,126,340,144,249,161,244,137,149,336,146,181,98,571,104,208,150,160,193,35,78,159,117,77,333,143,142,126,209,150,206,219,47,77,269,259,191,180,109,150,210,170,265,153,60,136,131,232,229,289,241,247,365,252,203,104,92,99,111,222,123,66,225,152,253,157,146,307,284,111,205,259,273,235,254,132,234,194,177,160,132,297,178,73,119,191,119,146,185,216,167,43,101,259,136,171,85,52,159,192,126,287,236,259,212,124,111,108,177,71,108,129,127,183,258,238,128,108,101,87,249,251,183,171,142,13,177,240,139,238,124,214,155,159,137,145,81,211,262,145,242,271,129,195,153,60,106,203,217,229,119,143,234,165,188,186,142,164,126,196,272,252,73,160,188,423,362,127,239,109,121,374,219,189,119,323,236,67,131,236,183,340,245,89,181,149,63,223,91,253,153,72,63,217,84,56,52,181,244,176,164,226,271,69,131,102,109,213,114,164,54,117,340,626,28,148,265,186,206,204,38,112,170,68,140,322,142,298,151,133,191,156,258,154,264,140,61,255,72,134,255,198,135,304,70,371,102,95,112,142,178,32,369,191,197,65,71,171,145,112,191,220,197,182,29,200,179,46,231,217,840,224,419,206,44,185,0,272,348,283,265,144,97,199,137,254,323,150,226,214,227,111,73,541,202,249,65,25,319,81,219,164,41,215,64,138,95,146,23,95,286,213,69,196,113,385,204,121,17,166,154,31,123,120,194,112,96,158,249,237,88,111,84,99,210,209,161,36,160,52,68,152,100,184,128,157,200,183,41,67,137,222,84,204,306,115,194,90,203,45,115,67,51,181,160,252,221,87,143,145,185,122,44,29,313,167,467,65,70,83,212,195,54,185,218,105,316,213,488,232,186,213,195,233,225,328,110,207,203,278,160,278,243,137,107,175,258,123,157,207,83,309,351,95,279,129,225,199,294,214,206,128,328,87,157,135,191,189,35,189,143,200,180,77,57,42,254,89,237,43,113,214,238,145,173,48,255,134,286,195,183,102,139,262,148,200,181,79,183,247,148,128,120,158,23,234,205,23,78,95,328,33,254,185,233,247,282,196,265,338,333,101,220,104,339,51,24,77,160,53,135,165,202,309,202,178,164,120,123,86,131,185,408,132,72,170,130,105,196,158,135,145,74,220,191,109,134,170,137,140,143,26,27,67,28,46,14,130,187,190,194,121,36,307,141,260,261,75,38,235,25,275,304,149,223,105,170,85,195,158,153,163,272,170,83,116,116,251,260,213,270,297,163,186,130,143,174,194,220,37,188,223,319,163,232,179,161,259,170,95,230,159,367,235,250,201,53,41,335,125,214,36,60,165,95,367,168,153,124,56,28,147,159,308,87,89,176,461,39,43,268,302,36,161,121,157,264,280,73,353,56,137,237,253,111,125,300,80,190,238,237,120,266,126,202,102,166,308,85,246,247,146,316,193,163,150,108,339,133,282,223,110,112,156,70,208,115,244,28,369,193,205,34,259,258,260,147,49,146,82,165,251,294,294,205,94,136,140,56,171,65,62,78,175,46,175,486,184,173,401,58,449,255,116,85,92,235,342,288,139,143,105,157,146,306,249,77,209,92,133,226,266,225,251,190,125,357,104,81,275,125,70,214,142,144,234,155,143,131,161,215,99,56,45,30,268,58,109,125,235,109,209,180,227,118,142,128,111,157,71,372,151,21,196,278,78,105,117,205,212,225,104,155,316,134,323,236,227,208,192,195,128,186,368,69,57,358,44,191,133,168,83,142,89,60,86,130,148,156,152,203,62,114,112,71,309,289,337,165,120,274,277,211,170,114,146,56,14,239,93,137,43,206,173,86,154,331,255,173,152,202,129,67,182,350,141,42,399,49,172,159,216,244,200,207,172,221,103,339,210,302,580,113,80,215,44,94,22,94,183,144,627,227,123,165,473,94,245,174,178,198,98,85,430,247,151,50,49,168,265,105,129,136,81,71,99,128,147,423,124,185,370,20,80,292,108,140,238,128,235,264,231,125,133,319,93,65,116,263,95,247,21,101,247,27,170,139,84,277,345,68,76,75,190,260,55,214,105,295,214,81,240,209,221,155,15,167,154,138,212,167,242,120,199,28,248,239,92,140,172,443,357,249,168,58,186,48,151,19,82,140,554,82,103,158,112,177,42,70,113,63,219,126,57,275,45,0,168,223,278,44,37,77,126,209,93,277,116,233,132,87,63,106,80,499,58,150,199,89,61,228,71,214,229,161,68,40,253,138,592,255,119,75,126,112,86,20,148,36,113,13,278,114,147,316,188,343,232,317,280,237,337,80,32,182,246,237,239,267,32,307,242,64,71,304,261,177,217,214,73,298,161,236,443,77,95,58,93,203,143,137,428,129,208,74,293,123,122,105,48,96,244,28,48,184,88,80,139,83,176,113,218,159,176,217,118,124,288,102,14,217,17,131,301,78,288,230,273,294,212,137,153,361,60
5_NPM1,58,79,130,26,0,4,121,0,73,4,57,63,9,17,0,106,0,1,78,28,22,180,73,13,104,123,9,57,60,9,64,15,8,3,15,14,18,128,9,7,15,7,6,64,0,33,67,54,19,43,56,23,135,76,0,34,14,59,0,15,17,86,17,1,18,0,33,30,7,1,11,17,157,14,76,149,84,51,63,0,10,7,46,107,12,31,60,2,3,169,81,114,4,106,184,60,4,164,108,63,36,105,123,1,1,71,33,24,4,1,106,60,69,115,21,23,82,102,2,4,19,212,154,36,31,31,36,24,29,5,14,2,98,185,62,74,63,202,64,4,28,105,6,14,10,6,82,0,95,58,154,1,2,3,37,65,44,157,54,84,13,224,79,2,61,10,20,81,99,100,3,23,16,19,1,28,4,7,17,28,1,142,34,28,58,2,29,28,8,14,178,50,84,16,118,94,7,167,24,79,2,7,156,23,3,101,26,38,13,144,79,111,35,73,23,71,4,18,27,34,219,6,133,1,85,86,131,63,13,19,66,67,0,123,82,9,20,4,0,61,89,4,96,64,5,13,76,44,121,35,81,94,1,4,5,54,133,67,121,65,72,5,34,5,3,21,9,4,72,72,49,45,100,128,113,225,11,17,1,2,201,5,37,70,123,6,164,3,68,18,77,23,5,11,83,1,2,4,75,10,44,105,15,173,32,130,63,1,4,1,0,30,58,117,64,8,75,5,2,124,39,210,33,56,38,79,110,3,68,32,30,26,24,89,4,5,198,0,102,77,103,41,11,15,123,62,101,78,10,51,3,34,151,27,28,52,15,43,5,13,160,24,41,37,41,45,59,154,28,48,26,103,184,61,124,92,101,71,24,61,0,6,99,1,170,75,2,63,52,3,109,168,65,94,41,4,1,7,0,13,3,47,106,57,92,2,0,72,64,114,88,11,46,272,12,22,46,71,25,25,16,13,13,221,0,3,87,9,16,153,30,194,3,4,119,125,90,201,43,10,58,6,76,235,63,1,40,41,37,100,27,151,115,59,82,33,9,78,3,152,133,1,96,1,38,95,19,62,13,6,166,61,147,41,157,22,54,14,101,162,1,4,7,93,77,23,3,140,36,1,0,146,46,82,43,33,13,7,109,61,36,0,43,3,22,115,45,95,4,106,129,29,24,3,64,62,3,5,62,26,108,169,160,2,10,11,115,1,93,59,66,51,2,144,2,36,57,35,64,8,1,17,11,46,7,23,70,108,102,163,18,38,117,48,167,58,74,112,12,53,55,128,48,8,72,87,18,1,99,184,4,76,72,10,89,63,62,30,1,231,9,128,51,21,8,28,40,39,11,107,13,92,62,85,39,115,1,130,15,35,68,72,11,22,3,14,57,50,13,48,81,17,2,1,60,37,47,1,6,7,109,3,14,8,78,53,54,54,2,3,121,11,59,37,5,11,188,37,131,114,16,2,12,102,56,157,60,3,13,19,19,19,13,69,84,68,125,96,45,25,27,12,119,4,44,22,4,1,9,19,17,84,31,15,245,3,71,14,41,40,26,8,75,18,72,13,114,178,43,1,8,172,7,54,115,7,201,9,41,118,23,19,34,58,54,183,0,8,17,22,136,57,125,152,214,125,9,122,135,6,101,9,90,23,12,5,1,109,148,6,3,2,95,50,38,58,187,2,171,23,4,4,47,34,80,8,163,84,86,58,20,79,5,133,0,61,15,0,15,114,159,8,48,95,46,142,61,0,2,9,37,28,5,86,3,2,46,47,4,39,62,23,119,14,49,16,4,38,0,1,67,17,55,21,5,81,64,0,3,48,103,4,0,166,13,102,0,136,68,63,118,54,72,161,41,17,1,18,61,21,51,14,52,43,55,58,44,61,3,88,124,10,54,14,5,17,10,68,27,100,191,103,43,163,9,2,25,1,65,0,139,25,102,54,88,60,119,85,106,132,19,1,2,126,6,6,8,1,6,66,21,105,118,84,2,94,8,166,82,1,128,6,34,87,192,2,100,26,1,5,2,62,3,41,67,22,17,82,11,59,4,0,18,48,6,0,35,103,4,107,120,93,41,26,3,42,3,69,76,134,4,43,64,85,7,11,82,0,68,59,28,6,41,18,98,60,164,21,80,6,11,12,132,31,1,134,80,62,171,183,128,10,9,7,5,0,184,87,33,23,155,44,68,0,138,30,145,1,194,93,43,84,28,13,47,28,12,1,4,134,174,12,40,117,34,184,35,171,223,19,59,103,5,10,114,41,190,41,18,111,112,237,101,61,213,34,127,0,14,27,39,36,106,57,48,2,2,32,38,128,25,1,15,20,26,20,8,149,39,176,31,18,1,2,58,4,71,20,4,1,5,0,0,13,2,3,90,85,184,16,73,21,193,40,59,50,0,36,90,96,4,61,11,92,184,7,6,163,17,45,55,234,27,88,101,75,172,58,59,155,7,8,17,137,78,5,19,188,147,201,116,63,21,123,13,7,73,3,6,3,39,29,0,103,166,34,2,104,10,4,20,134,18,103,105,8,76,12,26,12,1,4,25,117,18,32,22,239,28,68,107,69,48,171,24,2,11,35,89,57,107,61,26,28,124,14,1,10,108,44,3,0,102,2,110,5,59,6,3,80,10,180,78,210,66,0,43,24,104,36,4,8,69,34,16,39,35,36,131,1,55,11,53,44,81,7,165,51,29,17,97,1,52,12,54,3,0,31,3,180,85,46,30,27,172,85,51,20,1,163,103,8,49,57,6,119,123,10,82,74,3,134,177,20,0,35,2,35,17,53,159,134,78,10,5,29,125,46,164,1,28,98,98,9,74,54,76,5,122,153,18,45,2,109,153,20,4,1,62,0,26,71,9,29,89,2,137,42,6,5,53,3,127,38,105,47,113,113,204,4,20,10,6,62,7,129,43,107,64,9,27,221,32,57,1,11,6,13,179,13,168,93,115,73,71,64,150,1,128,195,10,57,41,4,2,19,3,71,115,37,68,82,31,45,31,3,135,127,0,26,24,14,28,1,96,3,55,102,104,57,15,24,90,136,40,4,188,24,19,70,25,39,81,44,159,44,7,78,77,59,111,21,44,5,27,76,23,112,164,181,47,208,34,40,19,112,39,4,57,63,6,116,82,5,135,16,12,70,62,24,0,55,63,1,31,29,8,92,10,140,21,63,70,7,65,38,37,3,5,2,0,47,20,102,167,7,75,85,66,4,169,66,39,89,52,61,6,166,107,25,0,97,37,118,70,147,157,9,4,53,4,76,151,3,34,135,27,205,122,350,61,44,11,74,25,141,160,6,28,44,7,28,157,94,70,21,10,140,68,2,108,172,68,73,129,37,3,2,2,9,130,78,67,186,114,9,17,16,23,43,28,3,47,33,44,12,3,4,11,56,65,21,23,69,100,17,141,4,116,18,54,121,60,0,104,9,164,14,13,176,14,42,8,83,41,31,2,51,22,23,8,96,164,117,7,103,2,24,2,234,140,226,4,107,24,48,28,2,147,11,36,3,57,94,0,70,27,27,37,14,6,8,95,49,135,171,91,80,220,4,81,15,0,145,12,191,7,19,123,0,6,8,54,87,112,217,73,96,130,30,63,130,60,98,5,63,22,30,92,5,4,11,11,8,17,16,0,7,0,16,78,7,112,76,2,137,5,18,32,26,2,7,88,2,11,22,42,6,10,72,71,99,14,19,1,32,7,44,18,123,61,21,43,100,217,11,78,22,2,16,67,1,150,109,130,284,135,3,42,134,130,22,101,69,27,147,17,43,11,13,81,160,99,98,89,98,108,49,146,76,97,155,3,41,2,82,50,7,97,35,55,1,84,121,62,51,94,45,51,17,130,53,20,4,113,11,171,1,20,121,46,4,2,6,11,27,92,57,92,2,101,78,116,37,15,83,9,246,1,122,178,2,0,157,1,56,25,2,97,8,83,93,67,0,7,30,60,55,24,71,0,124,4,154,89,3,115,25,8,9,1,7,2,2,18,117,13,175,6,1,45,9,7,9,67,11,47,74,51,3,86,109,18,4,53,10,2,73,151,118,97,35,15,7,48,34,89,33,43,149,8,88,95,15,2,34,126,6,23,49,45,1,114,227,4,11,61,33,0,5,90,54,11,156,124,34,165,188,8,140,205,12,130,17,182,4,28,5,32,38,0,89,108,66,6,28,109,166,101,69,12,32,95,11,13,38,53,65,54,18,10,153,97,6,2,10,75,100,91,13,61,30,110,114,55,11,23,116,32,4,10,4,92,148,6,9,88,48,69,58,13,43,41,70,111,124,15,8,91,69,108,40,50,40,4,73,48,8,58,71,211,35,0,23,41,68,83,1,2,16,2,110,88,5,78,148,3,11,22,70,3,50,6,4,3,112,120,13,41,20,58,11,8,75,42,62,1,52,84,5,82,111,4,6,85,28,10,2,146,26,4,199,44,12,123,47,6,10,57,120,109,29,106,80,23,55,100,51,162,35,86,109,29,2,2,121,106,245,24,172,15,91,71,111,40,112,94,40,2,67,17,45,57,50,0,19,0,2,54,14,57,41,6,3,79,12,2,0,12,52,64,78,49,37,2,129,13,27,22,2,111,1,8,96,348,1,119,3,89,64,43,1,6,26,4,13,77,81,49,76,24,8,1,82,3,201,71,1,32,0,10,108,75,81,82,3,69,10,26,13,2,18,2,107,9,11,3,132,22,49,19,95,76,7,86,2,74,198,3,33,119,64,148,39,57,10,99,0,70,108,318,20,62,37,18,14,20,61,132,32,63,74,25,55,28,51,156,3,5,64,4,103,17,0,98,4,109,38,36,0,59,112,74,6,70,2,108,36,11,1,12,33,0,6,45,134,27,2,100,121,4,88,7,2,83,144,24,26,15,86,5,8,101,2,37,25,41,84,127,14,26,96,100,87,27,58,32,88,73,0,1,1,3,0,59,37,39,15,34,136,15,175,69,2,1,63,7,23,1,4,32,83,36,4,8,28,22,140,164,241,102,11,31,134,39,91,137,111,32,56,141,48,65,111,63,45,63,92,78,60,34,8,28,23,2,67,3,52,9,6,122,60,52,206,2,103,116,53,59,21,15,92,10,42,3,4,2,117,72,51,1,47,79,192,135,20,18,97,0,121,121,78,81,104,132,20,155,58,1,159,31,3,50,4,9,5,66,75,1,9,23,13,10,50,110,29,109,166,46,39,106,0,10,52,29,164,5,5,16,55,7,60,148,63,83,91,23,5,46,8,14,8,39,307,27,20,0,128,21,137,82,46,39,2,71,93,77,11,89,30,80,21,2,3,7,2,3,9,106,79,21,132,39,14,193,22,59,79,70,2,8,3,8,123,23,78,76,32,5,144,37,64,30,43,68,68,38,98,20,106,81,240,162,12,159,59,52,71,93,82,9,93,125,63,38,22,119,102,105,22,10,151,22,179,133,213,203,2,5,2,107,27,3,5,10,2,111,76,62,7,8,1,6,68,73,64,10,68,196,38,2,230,223,2,20,76,35,25,36,0,45,1,73,29,93,8,147,53,19,163,167,74,13,44,38,43,78,147,44,9,164,116,22,54,31,41,0,2,113,84,167,83,9,93,40,3,63,98,92,2,63,72,63,2,72,95,54,42,4,8,21,25,94,111,148,70,41,198,20,86,5,1,5,4,9,14,60,321,111,9,170,2,89,99,135,125,2,102,129,44,2,10,38,78,90,18,68,5,104,3,46,73,114,50,91,153,97,187,31,1,47,45,4,35,42,13,14,12,70,16,11,23,18,0,1,1,182,2,0,14,4,15,44,74,85,97,107,87,45,122,6,49,24,4,70,42,10,15,7,65,64,23,80,6,166,97,116,136,62,123,57,4,4,6,165,0,6,93,4,27,39,39,9,28,50,1,5,143,23,25,58,27,9,4,20,2,74,50,26,29,3,34,17,115,42,12,7,2,1,165,5,6,18,57,6,124,122,67,21,43,111,5,18,14,107,95,94,2,82,4,124,70,11,142,72,53,35,55,16,129,83,63,33,20,2,12,3,8,1,58,11,68,34,14,32,4,223,2,123,74,30,133,44,12,55,174,13,1,4,129,58,5,1,17,3,1,7,22,43,21,9,10,61,1,35,80,3,110,157,22,45,159,83,0,3,182,5,0,1,196,156,12,86,3,70,6,67,93,7,142,235,11,16,3,8,45,0,101,13,29,44,0,212,110,109,63,0,172,104,46,130,15,131,5,57,7,29,2,4,32,22,400,140,11,62,5,22,1,8,1,2,96,50,8,107,50,9,43,5,11,5,8,0,55,7,21,0,27,57,171,56,12,4,12,17,17,26,232,8,64,8,81,1,14,6,157,1,3,80,49,0,157,2,59,145,18,4,1,58,16,120,205,3,27,93,52,6,1,164,4,20,1,52,119,0,247,138,196,52,146,120,70,100,6,5,121,101,60,15,45,13,78,130,9,0,197,154,22,80,100,8,130,35,47,131,101,10,14,9,9,16,136,238,5,120,6,89,7,0,118,5,45,251,2,7,132,2,22,88,5,20,69,139,51,12,184,0,49,219,15,5,39,8,32,201,3,69,58,22,108,162,16,77,166,3
6_chr6,388,503,383,262,92,110,469,184,244,107,318,299,216,492,353,409,94,110,159,465,528,616,278,149,397,315,119,204,531,144,246,0,331,303,62,386,211,254,273,462,362,129,237,351,285,282,244,312,361,340,265,310,137,411,60,592,529,190,295,204,252,274,430,54,199,128,275,230,242,213,272,257,330,251,136,383,201,123,543,139,166,150,150,267,183,225,345,205,554,436,215,357,272,221,314,263,160,301,362,419,278,542,418,55,142,297,419,16,196,244,273,187,466,236,496,238,528,253,72,154,432,431,269,544,195,252,383,216,155,144,232,182,861,275,599,134,436,648,310,121,366,190,158,210,305,114,253,66,246,449,226,92,283,115,316,457,284,226,84,251,302,440,274,117,242,544,331,330,342,409,70,430,684,100,133,200,73,60,233,335,49,564,484,428,520,47,237,381,372,441,440,152,315,193,463,208,163,202,348,198,55,159,264,375,149,443,148,337,297,222,375,198,274,366,382,191,64,421,300,437,650,257,514,171,295,176,182,147,90,296,250,464,68,402,590,177,163,186,128,304,174,137,348,194,151,299,268,295,215,178,154,186,84,119,152,180,360,230,245,595,237,200,151,296,142,335,195,155,280,276,244,393,615,336,217,701,442,303,187,117,385,177,322,170,201,99,275,278,179,343,643,335,87,310,133,312,117,180,180,239,340,297,272,617,342,531,487,133,153,119,737,166,411,203,550,68,236,212,194,480,407,332,242,241,346,630,908,107,519,589,421,197,310,270,164,241,568,75,124,493,181,213,244,230,224,208,187,219,161,293,273,503,384,80,235,206,139,307,78,213,280,496,211,277,315,310,359,425,320,277,347,473,284,403,286,194,254,131,190,363,103,347,283,54,348,407,71,297,265,63,164,427,238,313,113,157,146,352,76,354,120,336,118,242,342,84,165,220,290,281,246,301,372,561,222,484,221,208,478,114,329,319,229,279,143,98,367,372,401,556,1100,286,117,85,227,417,160,483,228,248,581,192,130,286,310,62,249,351,484,424,206,953,331,319,214,548,261,368,168,346,305,132,321,94,216,207,317,157,394,307,326,292,517,300,213,511,536,233,265,466,63,59,118,351,518,339,159,320,300,154,89,361,646,226,364,455,186,148,409,77,180,114,491,166,240,200,374,314,66,268,202,392,275,398,240,195,196,226,388,233,279,318,393,94,377,181,613,226,191,214,658,181,25,358,105,423,313,223,370,326,196,75,82,188,312,174,240,605,184,374,224,288,401,309,291,232,329,516,129,152,452,460,254,265,229,210,169,61,241,334,283,219,263,304,467,173,420,253,316,552,310,192,233,225,340,574,693,349,157,212,506,295,70,242,488,208,122,204,116,342,328,408,207,236,191,177,358,353,288,248,396,319,94,80,168,194,179,104,21,445,653,278,173,290,315,264,366,339,56,47,389,176,197,240,183,250,449,237,253,383,460,165,277,240,296,367,248,226,246,243,176,385,181,231,272,359,434,204,196,274,336,490,605,329,334,131,234,235,373,282,396,323,339,217,553,151,194,158,196,421,202,262,466,281,265,258,146,271,403,107,168,351,224,163,468,119,421,133,411,342,242,327,426,208,407,193,262,434,257,310,516,387,227,274,650,229,35,513,297,122,264,276,384,324,236,325,109,581,167,223,96,58,198,587,389,256,243,239,324,404,109,92,385,324,195,114,278,307,208,127,308,180,269,396,48,443,486,119,425,198,160,496,266,351,290,429,859,54,89,254,305,311,252,234,98,301,432,214,196,244,311,470,285,155,320,367,135,443,105,194,126,190,494,499,212,285,257,457,61,348,277,194,125,399,157,245,93,280,298,145,225,140,231,308,470,394,147,343,274,127,330,370,423,119,331,549,250,543,131,222,352,581,292,302,320,286,224,318,185,202,417,298,161,266,132,78,555,103,474,229,566,239,181,219,282,222,498,222,331,357,164,52,40,270,62,70,158,112,169,461,288,515,360,192,196,207,210,404,406,90,438,335,329,322,340,81,353,293,173,168,37,372,121,304,424,459,405,417,352,346,247,559,439,200,142,167,309,513,82,136,306,299,296,259,17,281,178,250,1223,242,186,145,395,257,70,316,145,140,315,291,230,477,342,335,352,242,320,102,377,244,289,251,251,701,138,570,365,236,336,355,245,304,131,121,209,255,270,152,618,601,499,309,205,53,533,317,181,271,280,349,354,263,392,149,280,387,248,41,179,442,350,325,448,328,133,563,389,346,391,186,170,398,153,237,515,354,302,216,469,222,283,548,198,454,340,225,218,231,51,380,405,453,291,454,132,117,66,246,577,404,429,56,125,180,360,238,259,300,188,549,370,274,34,280,236,161,801,163,141,83,138,93,42,160,78,109,455,193,413,153,315,224,470,247,376,259,394,293,277,134,172,306,188,210,348,76,190,364,354,486,174,494,69,340,273,586,453,394,346,272,252,331,291,637,370,86,346,528,288,416,277,366,202,553,241,256,531,197,233,256,285,418,216,771,507,138,170,331,558,113,510,279,63,369,163,170,487,308,179,245,71,160,246,244,315,500,212,855,329,98,291,278,386,313,265,166,218,334,221,139,302,396,630,280,176,148,117,229,258,485,107,58,515,81,357,316,398,316,105,299,300,559,124,451,163,144,200,148,628,436,293,429,551,597,554,590,394,110,213,82,283,213,344,267,318,208,289,367,189,509,154,198,421,206,278,188,354,419,87,463,490,223,454,375,469,204,157,208,236,200,141,110,266,459,275,316,287,501,158,351,231,387,273,463,60,401,166,198,368,482,352,204,224,304,791,345,837,336,500,159,171,373,224,113,72,374,249,188,423,301,231,129,79,207,338,219,77,67,366,60,407,537,130,282,289,42,279,408,72,159,180,47,204,209,361,303,395,323,944,48,221,90,116,272,137,124,329,373,616,147,290,581,335,159,61,233,301,131,388,391,450,528,121,335,142,500,445,183,575,428,537,339,43,122,225,374,44,350,287,282,274,347,393,175,408,59,283,244,112,366,272,184,326,61,139,194,396,501,446,118,341,210,258,369,448,189,381,360,209,382,314,292,678,248,322,393,166,150,264,170,360,396,341,545,404,211,304,433,385,598,536,377,208,622,315,192,319,110,199,180,192,297,531,191,327,214,175,225,330,260,140,204,1422,73,225,289,203,271,274,501,278,206,238,190,117,354,292,162,199,62,88,56,274,155,343,289,356,401,236,212,281,430,526,279,266,246,167,290,315,305,201,844,370,299,291,357,479,177,254,354,274,150,272,269,465,203,222,404,259,710,142,176,207,327,338,257,522,231,29,388,145,327,708,254,344,356,206,359,218,94,146,218,223,605,362,288,136,140,250,326,644,260,265,392,281,418,165,216,170,659,321,80,266,563,261,292,180,79,128,467,168,299,248,177,235,238,245,211,372,171,354,249,197,77,349,112,283,320,353,473,181,387,117,207,396,407,92,319,321,201,136,837,502,439,155,459,160,404,128,325,460,332,185,238,271,264,271,54,512,135,361,206,572,247,32,351,306,394,422,368,288,203,647,385,434,427,195,224,590,135,310,204,99,287,329,298,155,532,449,77,202,205,395,198,192,599,194,476,334,434,563,461,300,220,288,90,234,289,309,150,176,287,296,218,127,215,96,197,115,158,114,111,277,193,217,335,114,422,331,290,91,349,250,208,228,88,244,108,198,298,301,102,219,187,67,383,110,366,284,355,336,243,195,344,503,517,361,241,557,197,259,150,185,155,322,673,390,208,386,296,334,146,204,334,319,220,218,299,143,230,302,326,268,188,451,422,548,553,331,395,443,441,119,167,164,505,520,125,320,191,567,156,136,264,572,305,257,231,243,266,470,374,279,298,583,177,564,58,399,286,295,315,101,207,260,469,508,299,410,209,363,163,209,365,540,187,226,382,90,195,237,201,117,278,260,248,202,157,184,249,221,169,243,313,560,390,112,311,211,241,41,238,152,1047,407,242,163,366,399,137,128,158,34,38,45,165,186,331,88,29,446,33,39,56,351,354,250,278,119,258,281,374,266,283,283,354,199,381,345,307,244,303,253,219,199,325,317,430,237,439,223,198,149,325,231,773,340,116,438,265,327,124,239,667,156,307,196,116,53,366,178,545,305,506,212,268,437,407,273,256,448,290,198,111,863,197,393,313,168,326,164,170,255,76,242,397,215,294,345,350,277,171,271,98,71,379,342,361,455,160,373,381,190,331,156,171,163,265,336,314,581,418,324,527,269,273,194,210,93,116,307,388,206,484,112,455,242,185,630,549,186,299,465,396,356,405,256,837,251,317,192,289,302,351,217,171,280,328,192,444,336,356,88,356,342,285,243,142,130,268,70,225,481,407,351,322,176,162,188,246,75,182,167,78,59,425,318,200,183,388,110,231,352,257,253,302,69,519,321,368,349,144,489,237,193,172,281,66,433,583,316,347,265,298,271,199,158,217,233,230,372,174,219,351,336,257,213,363,400,271,256,500,416,70,179,218,456,404,234,454,218,154,592,359,227,148,421,323,98,184,588,288,393,398,129,352,203,151,356,119,435,115,195,100,330,274,95,43,172,463,220,248,308,314,83,148,242,469,321,86,193,43,284,685,902,144,211,454,205,335,336,53,312,236,143,222,485,218,557,232,384,294,235,465,300,259,191,127,295,92,97,414,277,169,519,176,292,238,192,415,153,463,76,483,286,307,183,146,387,389,136,306,339,310,321,148,365,271,175,334,446,813,191,581,343,105,326,185,678,355,570,430,146,169,314,194,402,389,252,344,425,229,296,237,510,510,422,132,83,471,162,315,269,85,180,123,284,535,187,34,170,429,356,203,385,220,196,398,288,42,260,233,57,387,167,438,283,122,253,466,350,308,84,95,133,266,283,379,151,414,171,355,249,173,421,399,150,249,281,48,134,213,335,145,385,344,225,237,119,319,117,234,119,67,318,258,372,228,105,223,193,308,199,210,182,533,386,613,85,149,95,367,421,155,251,347,344,492,352,533,312,353,337,288,336,338,492,218,509,229,372,468,558,313,218,145,342,368,158,137,346,123,615,401,160,233,175,352,282,242,224,218,87,371,156,233,185,262,411,54,251,213,253,266,254,205,190,447,77,356,86,237,327,337,337,334,71,305,178,403,282,297,227,143,359,232,340,347,105,174,383,151,174,217,225,41,291,457,79,96,277,392,216,379,278,384,247,271,315,372,440,429,324,226,246,333,68,48,142,252,416,199,260,256,422,144,303,192,251,221,123,201,253,697,170,120,249,228,248,331,263,390,230,143,326,265,109,111,305,222,194,347,75,38,163,139,130,37,144,274,276,316,196,44,448,306,458,393,107,97,464,63,433,382,299,538,268,293,200,226,234,347,209,356,222,100,390,175,632,369,331,369,533,151,294,181,235,400,328,279,87,250,273,535,350,406,366,291,548,391,329,273,231,419,380,316,314,60,87,498,384,500,219,50,296,89,582,233,179,176,85,79,271,298,280,221,169,347,569,301,93,497,433,70,264,170,184,558,440,100,438,154,217,286,435,202,415,605,155,300,374,381,113,433,597,218,132,456,386,464,351,270,246,493,194,315,18,112,554,209,339,383,98,270,272,42,296,186,368,68,472,251,458,119,587,383,418,269,188,212,243,398,654,494,361,286,239,285,63,209,333,127,169,222,151,182,230,660,204,352,452,216,633,486,450,279,145,304,646,660,119,301,273,99,191,690,200,101,374,58,157,476,484,354,656,266,186,576,208,95,344,181,122,335,161,213,336,284,206,167,333,418,243,255,53,30,322,224,130,345,200,254,325,365,466,206,239,207,266,279,143,599,164,100,317,387,155,385,292,361,509,418,159,210,371,180,398,486,281,191,111,325,271,351,381,142,247,573,191,300,250,384,207,358,135,24,212,196,420,172,336,434,274,292,128,55,472,505,220,204,347,726,268,297,473,321,114,102,84,370,272,223,115,476,207,200,206,381,457,224,180,373,290,305,216,750,362,78,629,122,163,190,337,374,262,443,301,315,98,356,467,271,664,176,143,377,108,171,158,141,232,128,546,271,201,161,527,244,273,331,183,207,118,229,671,358,310,231,133,173,397,243,105,132,62,147,115,234,252,492,173,167,674,97,167,348,178,209,465,226,392,398,313,177,174,419,170,149,279,363,286,355,206,155,402,118,242,218,132,313,766,130,288,102,521,409,158,367,248,364,306,181,407,353,366,324,126,345,226,144,574,275,373,484,546,74,438,366,286,363,297,693,600,375,520,153,346,155,320,133,323,168,790,291,157,350,251,344,180,138,158,339,329,220,194,509,220,338,323,352,467,84,89,107,329,232,334,362,242,255,252,174,114,216,139,552,164,213,278,163,142,275,133,290,262,219,119,164,315,211,859,469,383,166,372,233,146,66,244,71,299,44,321,251,52,484,210,439,352,606,389,400,536,139,56,321,327,381,239,407,73,506,314,67,126,441,412,347,294,384,161,274,241,357,614,185,92,111,204,345,294,192,637,217,315,103,379,469,216,233,170,121,466,38,69,229,94,139,195,174,295,219,367,167,237,320,125,217,361,337,191,265,90,122,570,184,441,401,465,403,376,273,237,537,137
7_EZH2,233,113,179,168,23,41,302,78,197,42,223,153,26,142,221,300,22,23,123,283,216,493,189,96,306,307,104,188,217,110,141,0,289,53,29,177,111,209,114,120,93,85,156,346,98,251,163,141,149,181,344,159,216,281,23,238,94,122,299,148,127,195,239,23,108,53,294,197,119,12,131,129,245,171,113,366,133,73,445,43,108,111,74,225,138,219,252,96,557,272,217,273,166,170,304,194,109,194,329,335,183,296,267,30,73,185,314,38,112,38,195,181,239,169,166,146,445,185,69,61,561,378,229,228,140,220,304,118,169,43,111,73,558,225,205,109,293,570,199,80,125,95,76,128,213,57,146,62,182,184,182,76,65,66,178,337,223,261,163,255,150,376,181,25,75,347,151,167,231,329,38,216,95,95,43,176,30,15,187,156,5,296,218,223,272,22,132,120,149,107,415,118,217,105,355,154,85,212,124,116,50,18,297,159,110,310,78,136,176,112,228,49,17,243,205,184,63,248,274,299,443,140,454,111,342,140,145,139,105,676,159,307,25,201,379,75,39,124,15,136,137,57,223,175,99,114,193,148,102,166,145,142,26,14,37,159,98,142,166,320,129,91,91,87,27,172,180,82,215,361,141,115,410,240,233,550,158,179,90,52,198,194,248,117,158,86,263,113,106,413,354,301,93,259,158,268,12,46,154,51,279,331,95,227,143,340,304,44,42,53,117,149,262,96,315,61,224,254,54,366,188,190,120,151,348,471,621,95,275,376,145,252,144,182,65,65,265,27,138,283,89,140,85,48,173,183,98,165,48,227,110,252,276,121,124,163,112,141,29,143,152,225,211,244,98,157,184,271,250,193,203,228,233,164,200,164,170,122,46,222,34,134,160,46,365,173,48,174,102,18,73,271,191,273,200,120,49,159,260,74,78,231,185,143,257,20,54,174,270,180,207,118,273,443,130,199,126,163,265,126,155,130,125,261,44,157,58,218,254,335,397,127,53,20,184,287,164,336,114,190,291,135,178,271,200,33,191,232,329,309,105,598,240,249,178,348,102,166,89,243,268,84,202,54,145,190,99,94,212,189,340,227,333,253,226,203,254,80,187,296,65,77,38,215,332,212,67,225,190,52,65,268,349,178,231,267,156,106,164,125,96,208,319,48,177,137,200,266,83,161,223,260,204,152,162,135,81,131,314,108,231,248,289,127,232,129,265,120,176,151,417,111,23,296,110,324,169,136,245,130,55,65,47,144,44,160,134,404,132,204,130,181,270,234,205,189,158,278,64,123,277,326,154,109,190,184,91,36,214,199,79,105,168,113,352,161,318,190,61,426,123,158,205,149,111,252,445,238,59,189,169,197,153,182,328,115,35,152,82,179,175,241,43,103,89,68,236,257,184,179,293,269,122,31,117,103,159,51,13,144,427,86,89,85,239,184,240,206,37,6,312,61,177,172,86,120,295,45,100,299,136,161,158,177,205,298,217,51,138,181,101,183,102,163,233,244,148,140,84,132,223,295,369,98,223,77,134,48,162,120,145,147,260,137,425,69,130,76,156,180,158,73,226,225,222,140,180,179,264,38,51,205,100,58,343,64,170,105,233,211,180,267,228,135,275,319,96,293,167,156,360,219,172,205,450,149,45,440,182,84,202,136,210,129,96,185,19,305,193,95,64,26,159,80,239,179,263,152,128,254,80,30,275,166,157,62,94,218,147,128,299,128,129,157,11,222,167,42,186,201,91,124,152,252,229,374,848,17,31,111,128,137,196,188,29,378,421,155,88,179,201,96,174,91,257,196,42,254,59,49,91,76,245,341,202,209,210,257,23,393,255,136,28,245,142,201,61,236,229,120,244,169,183,212,205,134,16,211,147,135,211,225,288,140,95,186,98,189,65,195,243,276,271,166,234,130,37,282,102,159,256,242,168,228,41,17,121,67,314,175,413,97,137,172,241,151,221,160,266,146,37,51,22,185,49,110,45,90,63,283,105,288,270,248,83,183,143,315,248,8,258,103,226,209,257,64,265,202,74,81,41,209,19,186,237,217,203,372,357,240,86,160,291,104,73,101,210,389,91,125,238,317,220,234,106,183,57,148,940,194,72,180,222,193,71,118,111,42,241,142,134,175,164,163,211,143,227,86,111,175,174,126,188,213,49,372,370,211,320,268,216,132,111,45,66,48,210,123,262,208,223,20,172,53,334,190,156,101,271,271,143,201,173,169,346,338,164,16,80,336,145,172,331,261,112,436,190,140,310,160,164,431,47,131,374,219,274,181,155,192,168,386,160,272,282,106,175,100,23,255,157,216,218,314,82,47,31,171,222,282,188,22,102,131,160,150,206,116,153,427,242,130,21,172,147,88,440,140,74,20,115,43,50,149,20,93,310,158,265,93,258,136,305,148,209,249,255,140,189,108,82,142,155,135,327,61,89,327,192,394,159,438,62,229,170,329,298,176,231,201,141,120,257,322,271,19,82,422,303,323,216,239,146,378,175,39,268,180,102,75,181,325,101,442,345,109,72,214,151,93,198,199,56,254,122,93,277,254,104,150,40,52,155,223,160,161,149,646,145,120,250,189,220,244,108,39,72,186,144,93,169,292,241,156,165,127,111,154,236,241,14,107,274,32,216,134,219,80,54,213,167,273,119,297,110,17,132,86,348,269,189,355,400,415,1016,265,52,106,210,72,270,151,135,181,244,98,212,265,135,256,114,148,222,35,141,140,73,173,40,309,377,124,229,97,325,153,145,159,44,219,105,105,206,199,155,261,215,320,146,284,69,167,238,231,7,218,42,167,222,238,190,160,201,200,208,240,435,87,362,38,216,203,160,46,65,98,154,168,288,215,54,107,9,155,293,112,24,15,174,39,223,209,85,170,229,59,189,266,31,73,136,21,159,300,174,157,298,309,688,27,117,45,59,181,134,138,250,374,482,85,91,404,183,128,28,188,108,42,262,270,313,305,119,246,192,303,355,77,370,354,223,257,36,49,98,182,19,264,220,163,181,280,197,128,231,63,163,186,138,152,178,91,212,106,122,124,216,289,273,130,179,105,99,239,235,33,292,383,97,271,123,174,463,83,142,242,59,263,212,107,244,204,136,102,128,243,182,275,177,362,431,355,105,307,174,158,206,30,139,158,119,184,441,147,274,109,114,150,150,150,47,149,614,10,174,193,141,183,94,281,250,128,161,109,103,212,183,78,71,26,15,77,126,208,233,132,260,144,185,75,163,226,248,249,100,210,54,256,121,156,142,400,229,196,120,250,311,94,97,194,85,118,245,18,201,145,160,268,132,515,124,142,43,192,186,177,406,43,139,316,38,190,420,193,54,195,162,270,173,62,125,167,162,298,265,106,59,34,154,64,447,108,141,319,200,140,112,132,139,250,162,55,244,229,247,98,124,25,59,256,191,255,123,201,156,216,205,164,364,141,218,244,116,34,286,127,200,65,270,286,252,92,122,140,276,123,23,231,199,128,69,484,384,323,70,288,90,224,52,312,316,236,70,188,175,187,211,21,311,115,271,124,295,188,7,277,220,220,307,243,302,109,229,238,282,219,99,133,412,106,216,102,63,204,188,233,223,96,344,194,223,153,319,199,168,512,140,260,267,196,437,322,227,180,116,70,167,89,192,118,122,228,194,101,93,137,53,79,52,80,94,39,300,171,43,285,101,179,207,144,38,177,159,23,68,88,139,53,46,326,226,98,55,129,53,273,56,201,199,268,179,233,118,13,445,220,250,73,62,110,123,56,142,149,256,538,301,121,231,203,357,126,119,278,158,193,173,119,113,98,160,229,241,182,338,335,327,188,272,165,183,325,93,13,122,431,232,78,254,69,480,53,154,213,368,230,223,192,186,168,372,184,124,109,328,35,393,22,148,210,142,94,28,39,92,236,357,176,252,62,265,123,155,180,246,131,77,303,57,148,302,196,143,288,47,147,101,90,204,164,190,123,150,194,229,120,88,176,120,177,7,169,111,589,248,133,79,201,228,30,35,66,17,15,44,191,61,260,71,40,289,23,19,38,259,138,188,205,127,89,203,224,260,94,167,126,40,276,241,211,220,220,166,69,160,179,281,280,183,296,133,186,119,158,97,512,326,61,179,169,121,38,166,411,136,180,85,107,19,171,123,355,205,316,195,113,278,251,167,198,208,142,184,99,568,124,324,225,173,274,19,138,232,103,111,378,88,243,220,295,179,112,223,74,39,236,252,271,342,129,178,157,110,230,55,69,140,192,269,205,181,213,263,322,234,270,135,125,137,88,172,77,158,274,172,260,104,181,435,294,145,197,325,248,210,249,125,173,195,151,147,186,194,169,136,143,221,69,193,274,207,207,64,174,267,248,207,124,95,121,69,158,202,165,251,201,81,46,159,174,92,246,120,82,54,279,190,174,121,251,91,181,111,163,182,135,20,285,238,43,171,149,126,180,153,151,67,59,353,308,155,244,134,149,197,88,102,118,202,195,195,140,190,245,123,204,214,216,281,123,198,269,292,135,112,135,372,350,205,290,162,98,384,266,168,132,284,260,144,125,233,149,125,346,35,208,79,121,245,108,149,162,152,54,221,186,52,14,111,304,140,123,193,99,49,145,68,219,224,79,215,49,90,467,573,45,138,251,143,247,309,15,152,170,59,203,337,195,340,174,183,125,30,326,216,336,119,80,109,91,57,291,185,165,283,87,341,257,124,86,100,242,65,292,176,78,135,168,80,174,121,216,245,273,227,45,181,231,23,149,308,420,195,441,173,57,185,0,351,336,482,221,122,104,147,170,184,121,167,153,316,192,123,258,635,309,254,120,23,386,76,227,166,12,242,51,170,204,170,45,162,324,140,122,235,167,250,247,176,9,199,139,37,154,107,161,128,64,216,318,241,210,22,58,98,193,161,221,69,214,49,82,96,66,161,269,192,284,232,40,103,161,189,82,236,251,188,184,101,200,37,187,79,30,184,111,252,239,88,236,171,227,167,67,33,151,292,343,61,94,69,157,157,53,122,187,137,286,310,456,126,244,253,79,211,215,355,100,284,84,321,269,242,231,171,110,229,336,120,124,183,70,275,350,96,213,162,203,99,267,147,142,78,300,81,149,152,214,202,37,154,166,139,221,193,94,73,406,85,177,28,234,192,265,157,230,77,212,141,224,180,204,166,133,266,185,260,300,171,143,272,35,130,198,79,34,202,271,29,57,198,204,102,227,147,245,22,223,163,156,288,378,69,161,77,338,57,37,47,148,66,112,187,187,312,189,273,169,106,213,78,120,178,712,127,214,267,163,274,288,201,162,154,63,220,196,85,71,185,108,136,106,17,42,59,37,63,36,112,142,162,232,125,28,351,252,256,228,145,34,137,14,153,352,178,294,202,345,69,205,176,271,194,148,169,90,140,142,315,235,218,254,369,60,203,153,189,247,259,192,42,202,219,375,225,211,231,168,149,129,121,269,196,335,339,226,186,2,22,320,155,219,47,16,82,35,289,208,237,174,125,56,209,110,217,139,152,151,434,163,27,211,314,29,191,148,141,210,230,21,229,56,167,224,268,70,259,286,171,125,283,246,22,309,255,196,105,198,302,186,316,243,193,250,154,161,121,76,376,95,168,232,33,152,161,10,136,169,256,36,336,155,318,42,210,220,107,222,98,157,122,140,378,312,277,225,132,275,104,225,218,51,39,57,114,134,123,383,176,251,362,58,344,338,247,193,26,223,413,352,44,161,192,170,197,397,110,51,180,11,123,282,340,139,285,185,81,344,146,86,119,142,64,230,141,62,205,143,128,111,146,123,109,55,40,40,173,72,84,128,77,114,228,205,267,118,121,160,118,127,65,310,97,29,167,262,79,236,84,281,294,193,103,48,325,145,271,267,136,238,82,116,172,148,374,59,95,418,29,191,131,292,45,125,132,51,88,147,295,114,206,201,64,97,88,48,296,323,94,198,95,316,248,183,316,179,28,49,21,156,93,168,76,154,87,137,151,313,322,114,91,322,129,174,128,415,189,29,462,35,158,141,156,258,163,266,205,275,42,413,350,280,482,134,30,253,36,100,45,79,87,149,266,170,140,87,601,27,258,142,145,127,106,138,308,260,134,56,84,135,226,75,124,78,107,31,92,202,148,243,122,163,317,16,158,307,77,107,390,148,172,241,277,186,127,352,112,33,40,244,211,218,158,53,185,38,175,176,39,297,518,50,146,72,260,202,29,255,113,132,174,69,288,239,144,249,22,213,151,120,313,169,214,98,358,100,222,209,86,177,204,552,392,430,289,29,115,38,48,80,99,148,289,80,156,222,75,188,55,94,126,164,169,196,45,224,66,263,174,282,382,54,73,72,166,203,93,442,118,206,190,146,90,142,208,345,67,140,164,151,9,290,61,112,252,176,90,43,243,45,564,302,107,144,235,142,44,16,124,7,92,10,279,198,100,336,173,279,239,421,187,212,293,115,2,246,213,200,131,342,35,330,185,76,56,353,159,149,234,289,173,51,145,184,285,161,103,50,81,79,75,166,361,131,227,94,277,188,116,166,34,139,358,22,105,183,110,77,131,72,130,100,294,147,303,228,46,148,308,141,29,196,17,89,359,109,361,283,202,366,294,157,158,364,287
9_JAK2,18,7,78,4,1,1,100,1,45,1,61,32,1,6,89,28,0,4,37,13,21,197,99,12,36,88,13,53,24,4,155,0,7,0,5,21,22,36,20,11,10,1,4,36,0,86,19,52,97,43,42,47,34,21,2,76,12,52,38,44,10,66,9,5,7,1,18,17,0,2,13,11,46,10,50,138,57,28,58,4,1,16,11,27,12,9,58,3,111,42,34,67,3,66,81,27,10,122,127,135,19,116,50,5,9,19,25,22,2,18,37,21,84,69,45,14,83,75,12,6,32,109,54,39,85,71,51,44,0,1,24,0,55,116,43,43,49,142,15,6,21,63,13,32,23,2,16,0,37,7,41,0,0,9,11,6,22,31,0,66,7,162,31,4,38,33,15,58,52,91,9,12,88,4,13,55,9,16,65,29,0,1,33,42,63,2,11,28,10,5,111,23,43,17,33,65,1,37,31,31,0,1,40,14,2,43,18,8,3,49,14,17,49,112,17,21,2,22,59,64,131,29,102,2,78,24,69,49,4,10,3,45,2,85,64,7,4,7,0,32,62,0,74,33,2,96,57,71,30,41,24,12,0,5,7,15,48,40,57,94,0,1,8,4,5,7,4,3,60,46,62,33,87,91,52,147,19,1,17,0,34,11,69,42,96,1,44,6,28,18,37,43,1,1,66,59,0,5,37,3,49,13,7,59,20,64,59,4,3,3,64,20,38,92,97,2,57,1,3,140,78,98,60,12,142,68,18,13,51,68,73,40,1,40,0,3,204,0,56,59,41,23,11,9,57,29,26,54,4,0,16,85,88,8,17,58,16,33,3,21,115,14,23,35,11,1,93,96,18,94,90,5,107,82,68,46,67,50,6,45,1,9,47,8,65,40,7,124,43,0,41,40,58,70,42,9,3,3,0,14,1,37,37,2,85,1,6,36,25,53,62,28,28,107,28,6,25,0,61,28,8,17,6,125,0,4,28,12,23,186,30,81,4,0,95,32,11,72,65,3,110,0,61,66,5,1,59,35,98,70,6,149,31,32,61,15,13,48,18,57,73,5,125,0,2,6,26,18,19,46,87,52,47,37,68,22,108,4,73,68,0,2,20,49,5,16,6,41,21,6,5,87,47,26,60,122,18,6,69,23,12,0,54,0,30,31,25,42,5,45,70,38,107,35,60,90,7,21,11,13,101,7,54,2,16,20,31,4,90,46,40,15,10,78,19,35,64,15,16,30,2,10,9,16,14,37,19,50,37,60,1,33,22,25,45,49,0,29,13,10,116,60,31,4,33,62,14,0,67,81,4,47,77,11,45,50,13,14,3,173,14,48,31,16,3,27,75,38,21,64,61,39,24,80,30,56,3,15,7,11,46,73,0,25,3,5,41,53,23,30,23,49,23,2,44,14,41,7,2,5,50,3,5,39,39,0,42,42,3,1,54,2,44,95,0,7,67,0,50,63,10,2,21,34,26,123,95,0,20,23,13,20,7,67,31,67,97,44,31,34,49,8,161,24,116,17,6,2,38,11,86,111,60,32,95,3,28,2,44,22,43,6,33,11,40,48,32,54,27,0,16,33,7,20,87,3,71,0,24,120,16,4,45,41,21,89,7,14,18,20,99,45,9,76,179,56,13,72,75,2,50,2,57,0,13,52,3,142,88,5,3,1,11,65,13,42,22,8,34,47,11,0,23,87,48,8,44,2,31,28,36,19,10,87,2,36,16,1,34,93,60,16,26,13,2,109,196,2,2,34,25,17,8,15,4,10,20,39,5,24,18,41,47,7,8,6,0,66,3,27,27,73,45,17,0,43,60,10,5,20,132,10,0,101,22,38,4,19,33,16,114,61,40,55,115,27,1,3,15,25,51,40,79,28,25,214,12,27,2,50,44,29,77,11,41,13,1,7,41,71,107,66,10,67,4,0,71,2,51,36,234,35,36,26,69,15,65,64,118,65,6,0,0,25,0,14,19,3,2,28,7,78,60,92,5,52,5,75,55,4,4,9,20,44,24,6,134,31,0,10,0,30,2,56,22,19,19,128,5,17,0,26,67,30,12,19,40,78,7,70,90,25,8,37,0,45,1,63,431,53,5,3,34,64,25,29,39,3,62,30,39,28,16,13,53,33,36,8,68,24,34,26,32,36,3,85,17,80,81,133,59,7,0,2,0,2,56,26,95,49,101,54,37,2,102,15,35,9,1,50,42,44,62,22,41,13,34,3,3,130,53,22,142,39,19,88,31,80,136,16,56,77,5,5,2,79,92,71,13,67,42,243,78,63,84,16,67,7,2,34,6,47,38,26,46,0,3,25,103,58,12,0,16,13,11,18,15,80,32,47,11,6,0,0,66,25,33,4,1,4,2,1,0,0,5,2,56,2,207,0,76,42,5,2,34,51,36,21,44,76,4,9,8,60,142,7,18,83,12,24,48,121,22,51,77,46,71,84,84,60,3,7,40,138,55,0,3,127,101,104,33,90,6,78,32,13,36,1,13,1,113,53,3,154,29,22,4,85,7,7,84,85,14,4,50,3,73,50,17,16,17,4,1,96,6,12,10,202,5,32,66,46,69,11,69,3,6,25,54,37,70,64,29,20,49,7,4,7,60,61,2,1,10,0,63,8,79,3,1,48,8,84,40,120,20,5,28,3,35,39,20,37,77,4,27,41,23,28,62,4,63,18,12,60,45,9,50,8,6,94,45,8,39,7,16,14,12,1,2,39,40,9,7,12,162,91,45,12,8,101,25,5,24,16,2,104,31,23,34,141,1,24,81,59,2,70,3,32,11,45,42,37,85,8,14,64,116,38,201,3,10,135,70,11,40,93,27,15,38,49,13,34,0,11,76,32,2,10,3,4,33,27,5,26,42,2,58,26,1,0,34,4,66,83,84,55,60,117,130,19,0,14,0,84,3,62,45,152,34,24,31,169,22,55,3,8,5,14,84,45,99,125,47,63,30,34,102,9,88,145,68,44,15,9,1,22,0,21,61,35,35,86,29,10,77,1,52,78,36,9,31,4,20,8,75,5,17,42,56,7,15,43,40,25,12,5,143,38,48,43,15,9,136,12,69,52,9,51,84,36,52,44,23,4,7,64,55,0,82,74,106,101,12,26,12,43,50,1,35,59,40,31,108,23,73,16,15,37,83,33,2,31,159,1,1,51,19,41,12,66,25,85,60,0,43,22,119,6,6,4,1,52,34,72,30,7,35,71,5,2,52,33,2,64,58,58,10,107,51,72,21,74,32,81,85,103,111,21,1,29,1,33,104,3,17,22,5,104,68,208,33,20,1,12,31,111,122,7,23,38,4,6,154,81,53,40,6,50,20,3,61,39,15,97,75,19,2,0,10,3,123,0,51,163,11,6,14,23,2,65,1,6,62,45,14,9,21,12,1,70,60,16,1,35,31,23,80,7,107,6,79,41,110,4,91,18,1,12,27,101,48,15,19,48,53,18,2,46,15,49,5,190,186,112,3,87,5,57,0,148,90,106,1,17,2,64,15,7,91,27,42,3,103,55,0,15,15,10,35,19,7,13,107,63,115,135,63,19,96,13,40,5,2,83,43,93,0,51,91,1,1,7,38,98,65,171,68,33,139,19,42,71,26,55,8,25,19,31,53,28,25,11,19,3,10,52,4,11,13,3,63,1,32,87,2,172,1,23,29,10,1,36,15,3,34,5,3,2,2,11,37,16,24,6,1,13,2,24,57,21,43,74,20,15,122,0,22,18,3,4,27,0,23,14,57,163,91,17,37,46,23,7,52,143,69,0,9,10,1,3,81,55,31,56,101,64,0,0,60,83,60,32,1,26,18,150,71,5,129,21,29,3,29,49,99,47,131,23,60,4,122,6,4,16,52,5,82,0,69,96,23,18,1,3,9,29,78,61,130,3,107,4,40,23,17,50,3,119,7,36,99,12,2,40,4,14,33,7,104,17,32,39,16,29,11,73,26,20,19,28,1,40,4,219,70,20,15,20,10,6,6,3,3,2,10,53,1,43,12,8,66,6,4,6,32,1,10,22,37,8,75,26,21,3,31,4,1,21,121,89,40,41,11,1,85,30,53,29,20,53,10,50,5,53,8,98,142,1,30,54,7,5,78,72,1,38,89,13,0,26,50,70,4,162,63,98,146,118,14,74,190,35,23,27,217,6,82,4,32,32,4,38,58,46,2,21,98,167,113,75,38,3,68,49,7,65,34,42,48,1,11,75,60,7,0,1,10,35,41,22,25,21,95,151,47,21,12,43,67,16,34,1,57,77,2,32,30,35,146,9,24,15,43,80,76,132,32,4,61,56,50,52,18,14,2,61,23,7,69,41,67,43,5,35,32,58,0,1,5,10,1,49,35,26,137,52,11,3,6,48,0,26,0,1,7,154,58,10,37,22,53,17,88,46,57,16,1,83,20,7,70,44,6,6,69,5,8,0,74,54,4,60,35,19,13,47,0,24,74,99,79,24,37,96,11,39,67,51,75,6,100,117,39,2,75,88,103,161,32,95,20,33,40,46,58,47,49,98,5,30,112,22,45,87,2,87,0,3,57,0,30,12,1,2,48,22,7,0,1,65,65,97,36,38,0,67,9,7,41,0,47,1,5,240,243,15,89,23,79,61,100,0,2,20,6,49,135,78,23,26,46,32,1,34,3,61,66,26,34,5,14,78,53,23,99,9,138,7,29,16,8,7,0,70,12,11,2,24,6,55,4,55,99,90,42,4,64,75,3,27,58,30,72,13,34,1,24,29,39,50,253,85,55,38,40,4,31,53,84,9,57,3,19,57,36,60,114,1,3,55,4,41,12,0,64,4,56,50,2,1,13,79,37,7,21,44,176,65,5,7,21,15,2,13,1,58,19,12,46,53,78,29,0,4,29,67,2,25,4,57,0,18,60,0,23,35,51,55,85,1,7,44,63,17,13,86,29,44,4,60,3,31,19,1,54,1,36,40,19,40,6,72,8,5,3,24,6,14,1,10,14,88,18,6,12,11,5,119,42,164,29,17,21,101,34,31,114,19,63,18,67,12,55,21,14,45,74,72,6,54,22,4,36,16,8,81,9,28,18,41,47,45,1,93,2,62,26,51,56,0,11,38,3,100,14,2,4,128,31,41,5,35,34,60,48,27,13,79,4,116,24,88,41,45,98,2,51,39,3,89,13,0,72,1,4,9,31,10,0,3,9,18,32,43,113,15,51,69,68,30,54,82,1,32,49,128,13,0,29,60,12,3,114,28,36,64,12,27,23,1,3,13,49,247,27,5,37,52,54,32,34,67,34,7,88,49,25,5,26,26,55,31,0,5,12,1,1,10,33,60,10,32,20,14,165,14,45,84,65,11,11,3,18,91,4,26,55,25,4,41,15,69,47,42,33,31,89,55,5,90,18,76,121,0,43,24,14,30,28,54,6,58,117,85,71,16,125,61,70,34,11,41,18,87,94,137,67,0,9,56,26,12,45,1,10,7,155,36,76,6,15,0,6,32,127,69,7,23,101,63,4,76,64,10,6,41,10,73,43,0,35,4,51,17,35,10,38,63,17,39,59,39,5,74,83,84,72,63,32,17,121,29,20,20,37,18,0,6,58,24,120,23,1,35,21,1,65,36,45,1,130,38,30,6,59,44,73,20,6,27,4,27,202,64,131,49,4,81,4,58,12,9,4,1,4,2,65,271,64,30,182,0,126,78,87,46,5,30,180,36,0,25,44,24,44,55,62,8,34,0,26,122,63,10,32,87,44,85,31,1,39,24,0,30,44,45,39,46,54,24,2,12,10,1,2,1,95,1,72,7,7,45,19,60,42,55,55,70,3,57,6,32,60,0,71,94,5,57,1,81,87,26,81,12,43,61,75,54,15,23,4,33,8,17,85,6,26,32,6,20,48,27,9,26,23,1,7,80,37,69,54,45,0,6,4,1,84,49,24,38,37,27,114,76,51,10,13,0,0,131,12,11,4,80,5,49,15,46,90,6,30,18,12,15,38,53,64,1,138,6,45,29,60,49,83,19,11,45,5,53,183,39,34,16,1,19,1,13,3,57,4,24,72,5,15,8,159,19,34,45,27,96,2,11,77,117,12,3,1,20,40,6,3,3,0,0,9,3,41,18,2,2,21,3,47,125,7,37,47,18,68,187,38,60,6,87,8,2,3,84,45,24,33,5,114,7,43,30,0,96,114,2,11,2,22,49,0,52,2,9,41,3,0,62,101,18,4,52,27,15,79,24,102,11,125,3,59,44,5,38,7,283,91,32,48,3,21,7,12,0,8,62,43,30,34,75,10,25,14,14,29,34,7,27,1,26,11,0,91,55,58,6,4,2,32,54,10,164,19,5,31,42,1,43,4,112,12,19,18,34,1,85,7,117,72,2,3,2,63,23,133,82,9,8,61,25,3,3,42,0,18,4,27,48,0,147,74,33,29,99,81,50,70,22,1,45,29,78,5,51,8,21,63,9,18,99,92,10,46,86,1,72,37,53,81,2,6,17,3,10,11,79,139,4,51,14,100,24,15,31,3,38,103,1,12,60,29,8,53,1,59,30,56,19,6,74,6,26,96,6,0,9,0,3,48,4,39,31,52,0,118,47,0,172,14
10_chr10,141,357,348,247,55,77,345,141,307,70,251,187,152,286,197,291,42,194,149,402,308,527,185,75,304,302,67,244,312,50,244,74,255,150,48,260,101,219,149,205,207,112,223,250,127,311,173,174,290,234,223,192,241,224,56,242,340,170,335,215,170,148,254,48,132,64,298,199,188,80,153,226,332,223,112,283,143,109,385,45,103,125,114,267,162,172,383,103,412,494,130,304,219,226,278,161,192,260,315,305,210,368,316,86,234,237,353,36,113,119,259,239,317,276,347,138,386,223,62,78,396,237,194,346,134,190,259,198,118,57,113,81,428,184,330,103,349,442,263,55,144,129,66,175,262,92,247,73,196,216,161,81,125,66,191,225,149,273,122,215,276,474,255,62,173,311,229,243,283,400,87,237,492,145,94,192,37,45,233,175,23,398,286,234,380,52,156,372,259,175,310,119,228,145,485,298,150,249,131,146,64,113,232,264,102,370,95,237,89,215,92,136,200,212,215,233,74,209,251,356,433,173,433,142,344,172,215,88,102,334,207,407,44,236,337,128,116,64,89,215,90,79,343,187,195,135,263,228,201,164,117,104,74,72,85,171,334,174,257,456,136,96,191,197,86,209,183,87,180,171,245,473,448,302,257,525,215,340,129,53,327,121,184,147,199,112,269,145,94,367,433,380,116,239,159,329,61,79,161,92,210,176,114,463,232,483,349,52,130,69,406,139,309,254,441,58,232,108,175,417,296,222,203,164,362,619,750,100,310,163,298,216,241,280,148,104,428,41,150,413,168,203,142,266,206,168,154,166,104,321,186,491,264,119,202,142,134,279,51,116,236,407,226,218,139,212,300,369,235,310,374,238,241,304,170,92,111,133,120,317,70,170,233,93,374,197,112,276,158,39,125,420,310,300,236,72,119,267,53,226,56,201,159,237,391,68,117,169,196,241,151,121,256,436,127,246,149,229,446,151,167,128,150,343,111,103,280,321,278,422,438,329,104,74,270,392,172,398,180,232,349,211,162,368,269,67,224,237,384,321,141,643,310,162,254,340,161,303,140,221,249,136,232,77,178,161,257,108,134,274,303,194,273,275,242,298,461,88,208,537,92,77,169,297,424,217,166,279,189,194,74,262,601,177,354,304,168,106,353,137,153,105,234,73,244,165,254,265,73,213,284,195,326,222,243,187,155,149,260,198,233,199,353,82,258,172,491,101,215,181,582,127,33,414,79,303,229,114,256,210,90,50,75,159,142,133,131,542,154,374,162,180,240,252,277,188,174,237,144,173,370,618,177,199,234,205,171,52,229,266,146,148,222,166,371,146,298,136,139,505,139,167,165,169,157,328,482,285,172,188,345,215,186,175,389,159,53,176,193,138,173,235,65,171,107,79,251,302,170,199,233,291,95,29,151,210,205,39,34,338,457,53,131,367,271,209,229,254,83,62,384,92,136,176,105,129,263,165,169,454,224,78,170,200,175,393,255,97,122,131,124,251,195,169,125,262,324,184,136,178,346,362,508,337,364,154,103,141,217,195,202,288,221,163,403,127,125,123,199,256,138,87,303,206,233,120,119,231,252,68,173,275,178,153,305,73,316,26,228,299,206,342,368,213,166,330,120,249,158,295,527,268,179,300,231,229,34,622,227,110,274,126,339,163,123,173,61,383,173,135,73,50,167,319,311,206,302,170,304,329,104,44,342,253,124,39,249,211,146,132,279,131,124,364,44,255,159,68,243,202,223,159,99,198,240,392,1241,29,107,233,266,263,177,212,69,267,268,189,150,243,180,199,215,136,320,221,99,229,36,177,132,95,396,346,120,251,204,340,68,389,327,110,68,222,204,232,50,227,257,147,262,196,187,141,337,271,81,232,203,152,320,336,353,106,203,325,183,333,57,188,248,350,296,211,250,245,122,276,127,202,430,217,144,244,104,56,435,48,368,159,296,160,164,182,239,191,332,189,199,213,87,86,54,266,55,148,107,92,91,284,278,303,297,299,153,194,216,442,310,83,309,207,148,227,257,45,374,205,84,130,58,271,78,200,262,126,181,309,160,255,128,238,345,156,108,123,288,422,44,205,279,308,138,247,33,203,121,194,845,303,78,173,271,233,95,199,104,97,320,131,137,315,390,141,353,168,270,68,237,190,180,92,186,360,62,506,466,374,223,348,223,205,182,97,118,104,304,165,355,337,368,274,177,71,437,238,233,227,314,324,216,206,225,111,245,226,251,37,63,479,350,220,429,258,86,545,392,310,344,121,227,445,110,168,334,236,240,163,248,175,192,371,188,289,329,92,209,219,48,267,222,327,281,416,145,58,37,200,340,242,299,44,86,138,215,177,155,275,165,538,340,179,23,144,190,46,651,138,124,68,104,32,41,112,33,80,253,182,385,119,251,134,262,96,248,171,270,172,224,184,102,323,185,170,267,56,124,326,344,301,172,490,65,382,244,336,264,272,272,203,95,183,287,380,326,78,122,537,331,269,247,157,137,339,327,185,427,143,193,89,225,242,90,698,481,110,137,161,299,60,431,253,78,286,126,166,280,259,213,117,68,52,155,257,280,331,119,672,114,143,257,178,228,269,256,69,190,262,199,90,207,267,373,218,164,256,73,104,187,350,44,52,347,83,364,135,276,142,78,265,187,399,232,450,138,94,265,122,460,199,202,637,340,206,639,412,343,152,202,56,271,139,143,290,377,124,301,279,141,286,128,135,342,110,243,114,148,265,80,374,266,124,238,331,252,221,107,149,119,286,116,126,214,271,85,243,145,293,160,337,113,211,221,150,58,286,110,165,599,356,159,185,220,301,341,313,317,235,276,47,134,220,111,87,65,319,241,324,274,308,154,129,78,169,337,187,51,35,161,63,288,281,164,174,286,39,219,326,49,87,134,44,175,406,259,225,337,392,633,33,173,93,64,187,100,171,173,512,532,186,228,625,259,85,67,265,106,176,326,300,295,376,135,215,136,341,453,107,346,205,468,196,63,78,125,234,37,418,277,149,164,285,245,175,380,80,227,241,131,263,130,175,222,435,139,115,251,152,394,146,201,147,189,280,196,71,364,347,204,324,198,234,532,157,171,376,73,195,198,118,300,283,199,116,260,177,133,363,271,253,498,286,127,406,353,179,262,66,170,175,203,251,413,196,161,182,250,191,323,183,84,231,1603,47,227,210,142,138,104,246,189,149,133,149,120,255,102,77,94,59,19,92,171,232,234,186,241,375,262,100,302,299,219,248,223,220,92,211,221,175,153,320,156,260,343,287,401,108,110,259,101,44,220,57,367,197,151,259,189,555,144,137,105,187,256,296,428,132,44,270,148,254,613,313,260,269,161,246,158,29,135,173,196,332,227,298,60,62,164,201,310,241,244,323,267,246,123,213,175,300,184,77,171,226,306,166,142,58,129,274,195,183,137,260,192,167,292,142,196,105,249,234,162,67,186,144,229,224,197,395,411,157,59,240,232,288,40,394,360,315,133,717,405,374,110,396,135,377,37,261,327,316,63,227,205,186,200,44,455,119,153,133,470,230,63,271,258,318,189,135,131,114,351,233,325,376,162,164,373,86,332,121,45,175,247,293,106,498,298,75,111,263,251,142,160,534,159,234,235,263,355,413,194,187,131,93,246,257,291,251,110,317,194,97,46,212,162,148,91,101,114,151,195,209,65,385,88,226,153,211,64,221,172,71,220,153,148,77,80,370,267,91,98,57,36,387,65,249,205,274,252,138,125,242,299,239,297,119,161,167,158,122,174,137,289,449,285,187,422,223,299,119,136,345,198,205,164,319,70,130,295,198,320,217,395,388,456,233,306,362,406,321,100,157,132,322,365,106,377,164,481,79,172,226,411,243,223,189,231,139,419,117,178,163,456,88,446,41,280,321,174,153,42,69,229,252,242,195,222,125,246,128,252,148,248,100,145,327,74,100,295,144,94,323,118,193,132,80,289,163,190,192,159,309,190,260,100,319,192,216,65,139,139,841,261,128,142,280,246,117,32,146,49,36,39,143,75,355,49,28,327,32,35,43,265,190,241,262,84,164,222,184,179,103,145,188,72,247,442,304,217,232,161,51,196,236,302,295,205,402,177,147,161,250,120,478,229,48,374,275,287,114,176,473,129,286,180,176,65,155,95,400,148,352,164,308,189,344,128,241,236,234,243,116,866,119,404,202,184,253,80,194,185,118,123,268,189,309,337,238,197,221,248,82,55,363,238,239,395,126,201,373,198,306,90,96,130,229,187,177,393,211,268,442,282,283,167,205,170,57,170,135,189,388,219,254,187,214,442,272,181,187,362,393,348,362,125,363,179,277,180,190,307,214,160,174,319,186,200,359,347,293,84,259,296,207,213,95,128,129,85,173,346,165,338,355,181,98,69,189,57,235,195,119,175,362,259,169,119,296,94,248,281,271,137,143,21,391,241,114,216,177,207,244,196,110,117,90,386,383,141,459,280,236,200,184,75,212,262,171,188,101,182,191,159,211,238,293,275,128,235,345,180,105,191,183,530,351,201,256,163,181,403,257,236,138,420,355,82,180,296,218,200,463,69,348,138,134,254,84,345,143,115,147,190,141,94,47,158,323,180,154,223,188,106,175,143,136,280,146,133,44,150,443,780,56,173,422,305,279,250,41,180,208,61,121,421,173,131,136,120,82,177,287,169,289,164,91,244,60,43,347,228,147,400,166,324,239,164,228,117,407,88,550,222,198,102,199,292,219,162,339,333,293,282,39,300,258,89,407,256,508,295,505,279,66,236,200,327,330,511,290,129,109,275,145,202,231,307,239,326,265,127,203,686,373,348,60,61,408,60,286,200,67,248,60,268,286,195,73,80,451,152,91,314,167,519,305,204,56,192,182,89,223,122,307,213,85,200,315,170,226,86,95,106,205,271,296,52,263,71,90,153,120,279,277,159,262,242,40,103,105,309,88,306,267,182,205,86,275,72,180,180,123,192,95,195,150,145,232,175,335,132,74,51,395,194,294,89,124,131,247,280,124,176,304,213,365,278,297,250,231,319,225,207,330,375,198,335,263,331,151,356,197,167,153,262,341,167,165,224,82,266,276,119,285,126,154,224,277,214,275,107,246,84,187,221,260,251,52,119,215,221,207,154,91,92,210,114,189,52,284,259,118,225,313,81,304,245,297,205,251,180,142,358,174,121,209,139,256,230,108,178,187,138,60,246,273,74,76,156,504,133,335,362,219,275,231,238,284,372,417,116,248,170,384,42,30,91,247,125,138,177,140,250,183,229,147,190,206,80,107,217,726,126,150,189,195,217,257,222,237,202,130,299,199,125,99,150,103,136,129,28,19,107,42,84,21,129,212,222,352,165,60,325,234,282,321,95,98,285,22,388,363,74,339,342,252,119,152,174,264,200,345,245,77,209,140,366,387,288,393,455,95,230,116,158,155,326,256,83,177,261,441,273,221,273,235,382,217,120,160,185,463,435,310,225,102,58,419,254,222,87,48,239,100,376,197,218,176,103,49,189,192,354,161,134,288,415,205,106,394,520,37,184,157,170,378,454,80,296,77,156,252,259,117,311,326,127,248,323,310,67,283,364,229,124,271,311,405,287,220,204,243,167,210,76,112,502,133,276,343,105,168,262,21,272,163,295,62,384,240,440,73,419,174,214,180,152,145,104,409,147,279,336,263,176,360,105,353,334,77,167,115,110,90,198,560,223,236,390,66,556,360,243,182,117,206,525,416,115,217,224,134,178,418,235,68,241,44,168,237,408,298,183,273,139,519,192,78,324,134,127,156,167,152,186,195,139,124,143,267,115,73,71,77,234,124,131,240,109,142,203,217,301,178,212,157,114,240,82,425,150,45,296,325,102,367,139,308,299,326,121,153,411,195,441,254,229,237,119,191,141,237,426,110,92,531,68,261,184,220,104,234,124,20,111,201,339,222,228,481,108,171,95,62,287,242,174,180,231,227,154,122,187,156,181,45,48,304,86,179,101,213,138,181,218,383,308,251,148,221,226,227,173,534,281,44,502,88,86,175,159,337,222,255,142,347,103,212,416,264,800,121,90,302,108,70,50,141,176,161,579,189,159,129,671,222,263,156,239,227,100,145,536,313,143,127,40,140,293,64,146,128,63,47,82,186,198,543,153,219,446,45,139,425,140,180,373,101,229,355,248,161,229,303,105,56,88,341,209,167,205,107,258,60,240,227,103,264,493,16,105,42,159,291,76,129,26,392,324,112,352,286,252,313,43,178,135,173,400,106,258,267,298,94,230,265,141,186,211,752,382,331,360,124,249,88,105,117,225,195,675,115,140,117,179,287,156,87,143,242,290,259,95,313,192,235,198,232,313,88,43,114,214,243,152,280,173,258,116,150,70,126,94,338,127,177,158,244,35,397,103,277,133,206,129,105,344,140,777,349,173,142,172,126,118,56,176,51,157,43,367,167,58,349,268,355,227,447,340,193,302,104,62,259,339,371,167,392,48,262,319,76,50,283,302,218,337,283,113,198,142,235,408,157,89,96,157,243,205,166,207,100,289,75,412,232,167,231,106,106,364,40,67,200,104,104,146,132,100,178,279,163,158,128,107,143,289,149,63,151,56,95,387,68,327,286,406,486,326,76,156,441,159
11_WT1,236,261,406,219,69,93,378,169,261,87,321,229,215,286,299,268,58,147,178,376,224,649,284,143,321,367,101,293,369,113,222,333,423,150,58,331,138,264,185,221,197,154,261,18,160,350,228,334,248,301,270,175,244,243,62,299,294,168,222,199,215,252,313,58,245,179,307,260,184,71,254,219,355,285,170,384,243,120,625,65,223,323,116,277,179,223,261,158,600,433,258,325,205,247,395,235,182,351,429,427,197,493,354,56,290,253,400,151,122,89,262,228,369,220,389,195,375,276,69,96,484,520,270,305,212,267,358,289,142,162,150,105,783,328,453,87,353,673,301,73,231,209,115,188,276,87,152,109,230,303,271,86,124,156,238,335,308,279,264,284,221,510,288,73,242,444,218,195,309,404,111,355,560,147,145,242,36,46,222,221,36,466,451,329,481,124,237,319,374,492,453,235,234,257,437,258,282,284,359,166,184,182,348,290,158,421,92,176,283,310,361,156,249,375,415,263,184,323,366,412,446,179,601,153,449,187,173,216,101,168,198,316,72,338,505,131,102,140,147,240,184,133,351,212,148,243,240,188,221,232,165,233,85,70,82,214,160,236,146,636,308,141,205,115,72,330,82,221,240,307,262,372,623,294,272,758,390,317,168,80,369,294,315,165,216,139,298,226,163,512,598,418,268,277,201,352,55,167,232,164,321,381,100,518,283,438,410,64,126,131,271,146,366,237,307,58,260,395,214,451,320,304,198,145,462,616,870,127,531,570,325,266,301,248,126,149,600,67,176,469,113,268,163,167,239,255,191,202,137,380,236,585,280,114,223,224,120,252,47,64,275,376,215,252,184,277,157,522,324,318,305,304,320,331,215,198,227,146,83,323,93,186,286,107,420,282,181,373,256,42,193,425,247,352,269,213,278,494,94,215,111,306,219,245,315,140,67,220,335,248,241,165,354,554,186,267,209,217,439,134,205,203,219,287,154,146,363,222,341,505,695,434,99,110,234,463,255,420,171,268,391,161,132,386,352,193,252,310,408,400,216,800,329,303,241,390,241,362,183,331,403,228,289,148,211,247,177,155,207,226,432,270,376,295,332,425,463,158,276,393,390,100,171,403,495,290,149,315,248,148,142,329,632,216,275,219,267,116,414,174,167,237,423,160,264,177,244,300,80,296,228,359,379,295,210,236,212,216,328,249,297,312,455,140,353,136,470,218,225,254,607,165,42,418,186,576,263,198,261,298,94,63,67,200,146,239,222,453,222,409,152,205,237,314,317,239,241,430,120,216,351,525,262,216,268,202,213,88,347,320,181,196,189,155,376,202,329,275,228,606,232,201,240,213,223,515,747,202,190,196,441,234,175,241,608,195,70,235,228,204,312,276,78,210,63,120,258,332,213,172,403,279,153,65,140,180,159,74,34,538,577,148,127,197,366,277,328,239,131,83,494,255,197,284,170,191,389,237,295,473,279,184,256,290,223,267,302,166,159,196,181,268,148,239,268,283,369,227,198,277,365,377,482,433,387,148,193,152,251,214,316,308,324,189,517,264,99,141,275,313,178,169,348,179,246,177,260,355,312,279,247,355,325,273,375,81,252,163,350,298,224,368,368,200,315,546,116,167,232,164,377,378,214,297,632,229,39,557,300,212,308,202,370,136,125,286,148,493,273,191,125,100,220,486,132,267,285,171,344,348,136,46,302,280,190,158,281,292,225,109,358,199,200,387,42,361,206,91,224,266,154,353,213,324,303,420,921,43,99,218,243,210,145,233,61,444,307,237,160,294,304,271,370,127,337,297,118,262,107,181,147,140,386,396,227,282,251,245,78,510,323,145,102,358,234,266,128,257,232,199,301,201,240,256,382,315,61,232,236,174,298,356,528,183,279,248,172,416,124,177,335,520,303,210,225,342,198,289,143,193,402,301,162,302,135,88,428,82,369,175,615,264,173,267,335,276,396,219,337,259,145,183,95,277,80,116,120,78,131,406,223,359,360,308,144,144,263,485,413,114,388,330,204,225,329,66,341,353,142,121,100,311,60,253,297,332,296,392,266,229,136,290,324,170,74,89,279,362,134,219,332,384,222,307,81,196,133,285,740,280,135,197,385,256,93,226,83,196,243,186,137,306,349,169,261,209,335,45,346,217,254,171,299,550,129,498,476,339,428,405,325,159,162,74,138,23,277,101,496,322,255,226,297,106,494,253,254,244,316,349,296,294,195,204,248,287,249,42,114,363,381,260,419,268,112,699,355,295,363,219,222,627,189,188,736,329,326,199,433,241,224,582,198,442,325,223,243,202,49,340,259,402,319,437,219,93,31,245,360,205,330,40,119,215,280,191,254,270,174,615,425,221,64,278,301,79,667,186,167,81,113,72,48,194,112,83,439,237,386,139,387,222,353,105,377,276,421,145,208,239,169,164,230,247,353,113,137,399,361,232,216,479,85,306,211,405,541,366,299,304,223,171,373,531,323,85,167,592,398,439,259,319,211,511,256,231,366,291,155,189,300,320,154,593,453,110,114,320,286,88,305,302,75,368,193,151,389,252,154,136,127,82,164,294,322,364,194,829,163,162,318,235,296,370,299,72,141,243,209,59,273,429,462,288,243,258,169,206,260,302,166,111,476,165,299,208,347,194,73,222,330,269,194,483,158,35,123,182,482,385,153,662,364,365,1069,474,300,113,230,112,332,162,304,231,319,225,301,323,152,309,180,216,362,122,212,201,208,306,127,202,386,186,535,206,410,167,175,186,131,261,176,238,294,356,357,350,330,379,156,240,201,301,236,306,58,433,148,180,314,368,225,230,223,398,420,354,596,299,499,68,150,371,230,114,103,450,238,317,411,294,193,125,44,197,355,217,103,42,225,94,400,340,189,263,306,110,244,379,123,128,153,57,252,364,304,270,382,322,937,57,229,83,164,234,167,249,338,655,494,185,260,595,288,207,55,293,244,259,382,151,341,239,123,140,109,362,457,167,377,392,474,271,70,109,85,185,40,460,265,262,233,319,308,199,298,112,311,252,192,140,219,165,242,285,172,229,385,293,411,114,235,149,174,379,188,130,399,323,220,174,231,292,547,180,274,295,167,240,356,202,384,306,273,188,261,369,239,377,297,547,460,242,174,500,407,208,300,111,224,246,223,280,505,333,350,173,220,250,336,194,314,210,1631,59,227,263,177,270,303,488,398,227,221,158,136,211,291,158,130,90,96,88,240,320,357,268,298,243,334,230,329,463,297,355,294,269,125,314,100,250,214,580,220,297,246,317,434,98,178,265,174,169,300,88,309,177,161,369,209,709,213,138,128,254,249,292,470,110,48,327,163,280,633,318,262,289,209,366,152,80,141,294,227,541,365,217,117,93,114,249,647,142,203,400,294,377,194,175,184,416,176,64,273,400,302,165,204,77,142,385,272,204,218,246,240,347,286,196,457,172,378,312,240,176,373,218,256,241,275,394,241,224,130,222,337,289,104,370,328,254,190,750,295,392,137,434,188,348,175,414,437,340,182,284,258,253,156,80,438,173,462,247,384,234,74,347,295,360,308,332,314,183,345,276,382,524,255,265,505,139,265,179,91,302,256,257,204,545,400,191,204,307,342,193,180,818,184,478,261,418,307,367,236,209,241,98,212,227,498,242,122,357,186,135,146,241,126,224,161,160,150,128,337,230,102,472,207,383,244,165,139,265,224,118,279,128,206,111,158,441,324,137,186,69,49,128,150,275,291,208,274,325,177,305,495,653,368,116,230,209,249,170,217,235,321,646,370,248,360,316,367,106,246,337,322,279,187,137,156,133,247,369,193,230,323,378,489,228,316,269,432,378,204,185,116,431,358,124,246,190,580,211,197,319,373,380,317,240,319,265,595,259,153,220,358,108,578,69,229,317,291,165,64,110,176,315,396,273,360,103,352,168,218,268,351,149,216,398,47,209,355,184,210,224,173,209,128,61,316,203,228,162,153,356,382,168,111,430,203,190,57,232,182,847,357,246,201,276,369,103,41,162,94,45,56,240,192,363,79,39,315,40,26,52,291,236,240,388,146,138,330,417,297,156,206,150,88,351,367,308,218,368,216,114,230,358,316,415,305,476,244,313,145,236,199,667,435,79,412,246,323,146,251,624,286,293,230,245,48,239,129,490,229,484,207,329,402,382,131,266,519,266,276,133,1009,142,473,226,251,332,114,148,297,132,264,494,226,460,408,296,303,229,265,70,27,366,334,331,508,189,146,400,212,301,210,257,218,253,355,262,472,346,319,572,269,317,230,216,174,143,227,192,187,373,228,308,200,270,565,399,197,260,411,381,223,369,165,497,262,351,176,183,326,275,149,198,240,281,235,389,387,266,137,350,238,311,284,206,110,164,158,205,348,252,418,355,187,137,175,290,143,202,178,197,153,393,222,159,177,385,128,305,271,276,269,222,56,398,262,170,306,225,298,288,228,237,213,79,413,353,279,529,178,322,271,204,206,235,309,190,346,179,260,315,259,305,296,308,394,159,266,397,302,213,210,214,610,458,275,403,196,227,461,428,236,214,450,347,198,180,297,274,378,387,103,282,171,282,317,120,356,192,194,60,213,229,130,101,121,374,231,236,185,405,244,228,111,333,305,266,263,118,288,571,624,99,217,412,172,279,266,35,200,254,92,224,178,258,395,204,305,262,182,364,321,397,225,118,338,140,125,381,232,164,437,241,238,231,26,241,129,426,220,530,286,257,135,121,317,261,185,177,309,369,329,105,265,275,33,217,321,1050,292,593,295,91,257,195,543,428,691,298,179,167,295,213,215,393,275,275,328,262,198,263,1118,389,424,145,60,391,129,319,188,88,351,109,244,220,189,173,171,453,310,112,205,281,548,380,305,74,215,226,119,353,167,332,173,131,255,434,362,398,113,141,117,224,282,245,91,298,133,168,205,170,324,279,265,278,277,60,121,153,348,100,281,434,167,288,140,244,178,211,168,175,241,250,318,243,141,325,256,307,219,107,64,404,497,546,133,287,146,279,404,215,242,318,165,283,366,619,311,320,308,177,312,366,450,240,382,249,244,193,360,346,241,157,308,260,198,222,277,62,451,519,222,396,247,358,220,314,270,348,107,470,131,247,158,252,235,56,221,248,239,300,233,223,148,511,144,279,98,377,360,438,294,301,111,264,220,434,240,311,235,142,368,222,356,178,182,191,306,92,231,264,165,35,255,165,58,118,162,343,144,387,307,260,244,308,340,269,431,425,170,279,168,525,51,90,108,319,204,217,326,222,240,250,252,137,247,296,124,213,324,671,209,217,248,190,69,222,228,237,240,145,278,251,135,131,263,191,162,228,72,46,198,70,102,43,163,178,255,305,210,58,449,204,514,345,166,102,213,68,308,463,183,385,351,278,120,330,244,294,259,349,195,95,306,150,472,364,323,456,498,202,260,168,211,223,321,281,70,260,349,537,207,163,406,242,353,128,151,313,212,403,375,381,316,103,91,483,378,292,84,74,237,100,254,293,248,170,132,96,250,217,380,188,189,246,579,207,60,402,485,88,221,125,168,397,280,58,329,153,228,315,337,185,340,403,201,325,330,275,78,445,547,243,152,353,292,593,393,374,322,387,218,302,171,230,588,145,428,385,138,244,216,51,293,188,398,72,430,303,435,42,347,283,369,289,194,319,164,270,371,299,394,313,131,428,141,265,299,202,366,214,210,107,208,654,236,263,535,190,613,420,325,231,125,300,553,467,160,201,189,226,218,451,277,126,191,79,192,382,305,299,322,306,172,537,173,129,367,210,167,328,195,188,214,256,294,154,250,305,155,103,88,151,330,222,165,222,207,246,277,366,413,205,290,241,159,222,99,510,200,78,250,349,91,288,173,308,325,262,168,164,479,207,408,362,195,278,205,181,185,211,433,136,116,542,125,249,141,308,130,144,163,98,153,225,394,184,263,321,99,88,188,81,358,404,311,204,115,418,336,271,314,251,267,45,126,356,76,200,129,241,186,180,203,453,317,159,203,341,234,249,256,449,313,101,600,141,235,214,281,364,248,160,246,285,139,355,501,340,756,142,179,337,201,95,106,121,234,209,573,289,230,158,940,82,325,270,255,292,133,206,720,304,196,84,97,147,376,163,192,143,36,65,151,157,153,452,76,180,398,45,166,393,127,183,447,157,332,386,309,177,215,423,192,134,216,376,296,344,231,138,422,82,244,209,143,311,660,256,130,86,304,229,65,326,67,362,293,150,445,351,140,345,73,327,223,205,411,152,324,233,381,15,308,302,258,319,195,837,549,468,323,91,222,106,136,230,259,224,661,119,177,322,180,275,137,165,174,258,554,242,70,375,148,0,304,409,538,106,86,122,271,251,232,550,253,280,206,167,99,137,178,602,137,189,243,291,74,363,91,312,346,232,122,104,394,155,824,396,98,195,328,211,184,91,212,96,217,51,180,213,203,484,295,506,340,581,393,392,411,206,43,270,306,370,176,401,65,442,350,105,121,427,379,267,288,354,124,287,196,362,516,223,102,121,142,209,228,219,569,162,315,180,394,275,229,263,126,162,432,51,108,224,126,136,201,137,232,127,442,177,244,287,94,207,413,202,62,261,44,161,278,86,215,320,430,370,382,218,263,480,204
12_KRAS,132,352,316,256,14,148,496,66,239,41,248,236,101,239,258,350,33,64,154,245,387,582,141,57,174,304,100,175,282,81,196,130,76,122,53,220,143,226,130,16,96,84,78,277,80,247,176,218,279,291,98,163,250,328,37,298,95,146,222,180,155,243,194,32,126,31,227,167,125,17,208,118,283,164,136,316,140,94,304,40,51,69,124,326,115,185,251,161,51,375,314,286,118,190,208,83,107,269,350,352,195,416,350,32,80,160,280,91,37,34,244,218,404,85,247,161,447,216,12,52,355,411,221,362,132,275,297,305,107,75,112,93,710,267,221,72,356,611,215,29,77,171,89,161,238,27,209,34,169,275,169,64,78,104,300,281,185,200,227,205,108,403,133,15,158,273,197,195,220,245,20,221,437,158,100,254,64,30,236,57,23,434,239,171,370,29,218,364,202,228,486,22,252,67,366,199,71,273,246,162,5,108,334,172,94,335,92,332,181,200,510,21,195,286,202,201,19,177,194,386,306,394,589,155,293,154,162,123,38,151,206,286,16,316,327,28,92,36,61,127,131,95,294,195,82,106,208,166,187,212,134,205,32,33,29,124,292,204,149,566,154,48,121,161,103,205,132,37,278,224,247,367,478,289,230,451,204,174,38,24,277,17,288,147,167,48,253,114,108,335,373,377,118,104,111,362,20,93,221,153,268,346,97,399,153,405,305,73,121,31,331,158,241,188,544,46,218,141,68,366,241,236,167,120,216,554,593,59,308,368,141,236,207,200,81,140,435,26,145,395,141,209,103,124,207,229,162,138,100,378,111,542,309,82,139,161,94,253,76,145,248,204,191,179,208,162,221,442,307,213,256,417,256,322,234,194,202,90,41,302,57,93,284,30,389,272,15,232,253,48,161,201,247,292,158,78,65,48,12,105,148,190,172,243,324,42,28,170,317,277,210,228,237,358,118,313,71,211,362,174,120,134,111,277,31,41,62,252,236,467,229,308,56,23,167,317,174,381,238,148,439,78,140,250,147,17,231,247,304,244,224,805,211,298,252,308,101,286,42,295,281,62,254,27,156,225,196,109,246,56,360,264,274,187,221,252,119,151,211,337,35,37,114,297,424,234,70,267,211,71,20,176,497,160,0,288,122,46,17,76,158,35,324,49,154,102,46,307,41,242,212,329,378,169,194,155,106,130,303,188,178,221,335,21,162,64,416,92,194,203,351,125,37,359,15,273,202,139,285,140,30,78,17,195,75,74,143,466,152,297,71,221,347,227,208,220,185,279,100,157,337,459,228,149,137,230,195,42,223,223,57,130,155,96,198,134,326,133,165,321,123,181,171,158,128,352,416,237,33,227,127,113,91,208,449,144,22,138,133,140,312,291,42,190,83,121,173,298,166,214,194,238,149,40,173,190,183,45,33,155,330,80,95,165,301,192,307,267,14,12,397,38,151,231,28,195,401,148,217,359,270,105,152,160,140,364,142,78,137,159,161,227,67,125,241,248,286,144,95,96,170,198,380,82,226,86,135,82,226,175,191,275,248,136,465,29,161,96,138,216,140,109,290,243,259,90,198,287,254,23,46,191,123,96,441,61,294,72,216,294,143,266,220,163,187,313,77,230,139,290,332,313,145,250,527,164,41,551,225,27,172,99,337,94,143,211,54,370,258,9,62,10,158,380,311,166,255,44,230,181,45,26,334,119,153,27,230,298,140,130,228,128,116,289,19,420,173,28,250,213,259,111,246,301,256,429,772,29,11,239,281,242,57,234,56,170,279,194,51,255,14,35,286,114,184,246,61,295,18,127,98,99,171,290,149,243,249,226,32,349,276,11,45,235,163,191,40,253,262,154,283,111,220,201,449,174,48,208,185,146,252,273,431,110,187,208,116,297,39,144,292,236,293,150,267,192,88,253,157,109,360,290,18,213,117,30,365,59,399,126,443,170,147,186,252,231,340,119,360,181,64,36,2,244,41,166,136,17,27,344,103,390,275,315,62,165,121,296,288,21,249,106,193,224,195,27,271,178,34,105,35,276,19,217,314,232,241,360,157,237,69,200,246,197,114,133,301,486,35,156,299,364,153,291,38,266,64,248,834,312,53,164,306,254,52,131,148,498,308,243,83,90,289,167,184,54,225,93,277,226,176,167,237,208,89,417,361,246,296,438,239,254,154,27,82,66,204,105,202,192,377,131,216,21,500,289,120,182,268,314,215,235,101,82,183,259,87,10,90,383,240,156,454,251,143,486,275,243,22,66,222,337,47,65,463,180,256,117,234,217,223,454,170,265,315,214,217,66,70,186,256,223,292,316,177,71,11,179,258,257,247,18,69,175,202,168,70,200,148,394,440,203,19,75,144,66,518,87,84,36,75,32,18,81,37,87,424,142,340,133,207,183,355,136,370,115,328,167,208,163,144,247,93,179,335,53,80,254,176,150,158,384,77,283,228,263,409,251,342,171,188,58,250,265,259,75,102,517,249,313,225,110,145,415,135,160,363,90,76,163,153,231,118,707,384,130,65,222,250,40,212,168,78,212,148,156,408,305,105,122,26,59,115,203,221,291,146,613,182,136,202,243,271,325,181,36,50,244,129,90,199,258,345,199,191,176,16,104,270,56,34,20,253,35,229,118,211,106,82,253,240,394,146,354,96,22,173,138,463,333,141,155,366,314,240,80,182,109,218,54,219,121,292,262,289,150,218,298,114,346,173,57,146,108,233,87,72,217,42,248,421,108,298,102,367,200,128,145,114,229,160,128,236,329,45,242,257,109,153,250,28,282,308,276,24,377,96,165,188,340,273,162,235,341,195,246,520,263,349,58,148,314,128,57,93,377,154,196,356,189,118,107,32,100,354,137,47,27,253,19,310,207,73,258,154,29,197,272,96,64,112,18,136,284,292,250,348,241,751,15,159,66,26,229,51,146,344,381,470,130,126,467,197,182,19,253,113,86,342,240,256,203,126,191,136,331,272,29,395,319,252,261,43,32,109,213,47,269,269,219,146,299,254,100,311,84,206,233,68,201,161,174,251,10,90,75,98,309,391,97,111,173,163,283,261,33,244,246,144,183,266,265,606,202,204,194,53,266,286,1,286,218,221,44,281,197,192,322,226,251,377,355,114,347,178,174,316,86,203,140,193,204,460,66,305,145,177,204,333,73,32,183,977,24,116,221,163,153,162,466,138,182,135,147,103,293,217,82,71,53,8,96,139,139,260,150,308,234,160,332,253,5,192,233,102,236,92,290,181,120,190,774,29,237,329,230,357,95,101,287,284,152,253,47,334,160,160,295,209,639,149,172,85,258,230,209,428,136,36,343,95,244,647,305,134,184,172,288,50,37,124,178,260,495,289,255,67,32,133,193,373,281,179,302,280,301,96,176,141,236,115,14,112,555,340,245,158,45,120,347,154,146,159,253,179,201,246,118,366,78,249,211,140,40,288,58,243,125,165,226,303,211,29,213,261,246,21,318,210,236,139,448,444,294,46,342,46,222,32,239,327,189,58,237,145,216,240,19,235,87,283,76,419,252,21,301,231,254,193,322,119,118,364,300,350,448,184,129,467,53,234,128,64,112,234,233,65,260,233,27,64,101,358,211,127,563,176,339,275,267,347,267,149,112,48,99,197,241,339,146,108,221,197,95,75,129,88,140,16,106,137,60,212,61,44,451,38,236,263,96,51,189,199,57,111,124,124,81,89,424,251,123,124,180,31,309,52,212,166,262,256,210,169,269,393,251,191,112,202,173,225,60,172,167,251,353,157,56,408,207,262,106,138,290,271,128,188,88,97,42,265,329,248,195,339,306,344,367,237,242,285,404,126,141,21,391,200,68,322,133,367,30,170,232,458,253,292,208,311,128,380,296,111,93,297,99,463,30,253,213,230,177,17,99,107,237,194,232,323,44,212,126,196,226,290,193,112,299,81,140,227,97,21,209,127,218,85,43,192,150,132,103,205,298,51,193,103,317,136,208,34,179,102,661,237,152,153,220,169,52,11,81,21,34,52,251,97,237,64,60,251,24,31,31,375,191,86,240,119,150,194,371,157,86,241,143,50,282,267,217,227,276,93,27,159,452,309,178,162,379,127,137,133,145,105,503,288,23,378,250,257,14,167,475,58,119,182,128,25,99,116,395,141,371,148,263,302,272,145,85,263,242,183,161,815,49,370,137,206,207,33,130,219,106,62,313,143,295,184,230,219,94,267,92,63,235,257,278,388,51,153,321,195,121,52,50,102,171,261,94,191,276,297,476,232,152,179,176,146,32,243,62,167,345,97,320,210,181,227,344,79,255,397,323,317,296,118,398,204,274,128,218,298,191,228,170,161,100,20,304,270,306,10,287,321,218,152,86,38,131,156,176,328,151,284,291,88,65,119,209,54,262,237,91,100,273,268,96,131,301,103,179,262,259,201,198,42,325,195,64,251,160,142,154,192,129,87,76,449,356,143,202,213,194,185,184,56,101,216,129,250,50,225,301,81,178,196,280,296,182,231,180,271,33,162,176,495,389,157,361,188,115,345,341,265,152,383,336,40,181,207,273,271,248,10,107,35,35,272,107,248,127,60,68,269,106,26,13,76,0,221,204,41,272,28,164,160,280,228,51,82,15,112,285,688,31,179,74,210,321,307,35,67,133,49,117,361,210,444,186,113,91,34,314,126,322,186,52,194,93,38,322,208,155,405,69,453,122,116,189,97,219,24,511,224,148,56,92,220,210,92,193,239,239,293,27,257,241,21,332,173,692,280,413,197,49,210,330,285,300,349,372,170,121,126,73,320,159,260,252,254,222,86,142,452,368,318,84,36,238,37,203,200,52,222,31,225,271,178,9,121,356,189,97,253,192,370,251,222,19,231,212,20,123,131,297,135,98,222,331,44,299,85,40,94,203,208,187,66,212,48,34,180,82,155,254,225,208,195,43,62,169,318,116,182,241,212,130,108,239,39,137,112,17,215,190,177,194,104,198,180,168,198,45,33,385,99,413,15,43,78,284,308,75,63,189,140,370,313,518,183,156,229,290,326,230,399,129,252,262,362,321,353,290,122,143,246,338,158,205,205,54,400,267,74,178,62,268,101,192,197,307,129,390,71,217,203,234,273,61,146,183,96,225,109,61,49,373,93,338,6,211,267,276,280,216,52,265,131,305,229,233,206,113,304,216,260,256,15,201,277,98,116,37,76,32,259,329,19,57,133,313,44,317,211,218,334,212,277,308,409,290,50,198,140,402,18,21,66,232,110,185,246,158,357,165,205,126,198,111,42,111,199,592,120,146,257,155,151,265,233,312,220,61,153,213,156,102,187,185,158,121,34,37,31,16,45,32,146,243,184,301,195,67,397,150,266,198,167,66,58,38,188,208,122,255,190,150,101,212,201,234,227,311,191,118,335,128,206,283,266,427,419,81,110,180,217,153,289,290,44,183,294,71,226,192,330,111,430,36,79,151,7,337,334,264,223,15,15,397,201,247,34,28,159,29,484,185,263,122,94,24,165,158,343,160,90,193,486,213,62,272,502,60,172,164,175,175,348,47,337,21,196,306,285,71,284,426,102,208,301,302,79,355,373,228,127,345,227,93,319,247,143,382,155,187,21,56,422,155,363,211,99,154,198,48,267,178,213,51,403,246,395,53,382,338,118,331,29,82,139,146,498,341,344,290,154,299,116,272,225,26,58,100,119,58,184,707,203,144,220,45,531,266,286,226,42,255,427,583,127,191,192,150,203,204,198,78,278,46,139,96,419,288,391,164,173,447,142,45,205,166,40,318,159,62,143,166,26,140,208,170,23,18,29,13,291,64,116,158,126,47,213,286,438,195,158,182,165,183,67,470,130,33,292,266,97,236,152,289,256,244,124,104,436,162,284,346,110,305,171,53,47,169,346,43,85,463,39,190,208,156,14,237,149,21,113,199,300,100,208,224,91,91,106,61,362,337,154,172,140,508,226,247,177,175,158,56,8,331,82,179,78,344,130,143,191,339,268,201,152,61,225,158,84,525,194,15,459,17,218,202,83,266,195,149,177,251,128,448,427,330,565,119,55,245,57,35,72,89,104,183,366,171,158,61,425,10,254,253,139,201,113,152,391,284,144,78,54,182,370,96,111,140,26,21,83,133,124,466,117,102,354,16,138,235,136,157,397,278,232,328,252,163,35,126,103,62,119,285,267,164,152,76,387,74,153,199,39,319,577,147,81,22,269,186,34,262,117,350,192,48,284,111,160,208,7,304,184,203,389,161,280,68,226,49,356,189,79,133,241,556,493,261,362,37,158,32,75,17,61,177,387,68,152,263,148,288,49,66,70,214,127,201,78,304,46,0,214,268,329,101,55,62,117,196,168,362,89,253,124,161,45,139,80,459,87,144,225,171,58,306,68,215,323,193,71,59,279,167,623,255,93,149,302,184,109,37,37,31,145,17,383,228,9,381,231,367,161,496,334,313,456,52,16,308,305,285,167,257,52,294,266,50,18,366,210,134,255,303,106,268,157,224,217,133,91,40,98,166,56,199,547,88,254,50,332,163,193,150,58,169,327,12,80,198,75,126,170,88,158,178,307,152,100,192,46,170,338,186,24,241,33,84,447,28,335,325,331,390,325,173,140,363,43
12_PTPN11,248,197,181,209,51,84,353,67,217,54,268,201,145,364,221,264,61,91,92,326,309,478,200,155,232,250,72,278,286,88,167,147,271,127,37,257,101,149,172,150,151,159,100,276,113,156,126,154,205,247,222,179,150,269,44,220,278,107,324,156,95,165,269,38,165,81,249,142,109,64,159,243,216,145,98,295,132,74,381,42,130,98,60,196,146,159,180,131,301,340,164,268,110,141,242,157,117,189,200,209,168,158,272,38,108,221,281,66,93,78,237,207,277,164,381,176,418,233,51,99,451,282,166,347,106,252,274,128,118,140,179,103,522,206,297,78,340,546,194,60,267,78,102,141,282,106,78,30,111,138,176,74,133,47,237,302,132,215,162,265,240,367,191,81,151,174,203,249,171,170,52,284,347,135,86,182,60,34,138,182,28,320,112,159,312,24,168,205,178,111,332,65,242,152,315,178,132,123,237,124,29,139,219,155,74,281,118,256,178,161,279,110,173,215,271,124,91,236,212,302,307,250,432,95,249,107,133,132,47,313,201,314,70,220,368,124,102,136,101,176,127,125,244,179,152,93,131,158,130,160,128,149,80,58,131,120,211,129,188,579,208,100,164,182,62,173,195,69,219,253,201,237,420,201,183,464,314,211,90,90,261,112,209,100,113,115,106,197,78,537,422,384,109,169,116,210,32,97,172,149,280,114,147,328,263,318,287,116,83,70,363,126,209,122,333,84,146,129,128,331,229,166,179,160,187,547,701,78,419,306,236,182,211,253,119,169,327,58,105,368,123,173,94,145,172,154,141,104,126,362,242,411,305,79,160,128,110,221,90,149,198,307,173,216,114,208,137,359,332,205,301,253,224,228,181,130,134,89,135,270,101,146,179,99,303,162,34,196,105,66,99,257,172,237,147,154,111,256,51,230,87,155,163,161,290,61,21,169,258,192,216,145,191,393,131,194,158,149,271,121,182,170,194,224,49,45,209,182,258,426,509,275,110,32,180,280,150,297,134,198,307,68,109,147,160,50,196,208,351,255,180,682,185,205,211,322,200,273,109,131,204,77,177,41,142,152,208,79,239,149,266,192,295,211,201,202,275,137,144,213,44,41,89,274,402,199,75,238,200,121,58,199,346,139,188,176,173,98,171,110,85,86,301,33,248,121,215,182,48,194,197,288,207,66,133,131,101,101,310,196,182,203,264,62,254,60,311,98,166,167,297,125,21,185,81,353,153,164,239,106,96,38,55,169,179,105,131,446,148,195,78,178,244,147,210,158,220,139,67,128,293,297,172,173,188,116,176,68,206,194,97,110,163,114,232,132,329,112,183,311,205,116,131,149,157,372,454,183,84,197,189,165,78,155,471,127,33,129,95,225,108,251,127,205,129,95,224,191,219,131,295,232,91,55,128,99,128,51,21,404,407,81,77,245,209,138,302,304,52,24,300,155,145,158,104,167,282,114,174,230,228,165,313,185,184,261,223,154,171,141,130,303,178,130,217,201,273,147,130,133,262,318,274,167,210,115,103,154,223,147,173,221,208,155,382,110,84,129,106,221,144,104,268,187,234,157,133,220,200,66,173,225,170,213,360,71,283,71,236,232,177,312,285,112,182,275,167,247,145,238,340,281,151,183,457,120,28,479,189,57,191,171,321,233,169,201,99,315,188,200,133,44,136,293,281,133,174,181,235,252,75,64,169,177,110,65,165,281,126,79,260,107,188,180,15,207,247,69,185,141,134,179,175,196,189,306,1063,40,70,135,238,208,168,161,49,329,244,161,87,193,173,251,173,129,318,297,69,285,32,183,89,118,234,450,174,217,129,192,78,356,167,114,39,256,187,163,123,206,274,82,182,156,184,158,352,223,75,227,140,120,172,210,298,114,226,297,226,257,89,132,239,358,223,202,251,253,120,193,146,121,343,206,171,201,106,40,236,111,300,161,336,217,140,140,149,154,341,162,251,179,39,17,50,188,43,45,70,79,96,249,203,307,158,204,74,190,185,180,300,14,263,186,268,205,235,26,242,180,108,148,44,197,63,140,289,365,218,292,224,289,139,230,316,188,101,110,249,366,68,132,226,287,178,242,55,183,153,197,756,193,78,134,268,150,98,196,106,106,291,180,131,175,201,182,238,133,167,76,225,199,186,139,121,381,87,431,427,144,322,140,187,215,99,75,120,108,213,101,366,270,250,107,236,51,342,205,214,140,186,284,175,130,128,122,302,201,168,26,107,332,163,300,389,242,127,474,253,199,148,107,136,249,139,213,374,160,157,108,265,166,165,288,80,271,166,120,150,179,23,232,265,281,168,392,113,77,7,163,209,236,286,67,126,104,213,148,202,186,127,296,408,172,53,179,169,118,642,119,112,44,113,52,27,167,41,126,318,143,408,135,179,228,307,183,159,190,131,125,164,141,133,169,124,84,284,33,74,228,269,468,95,384,56,287,125,309,292,206,146,139,194,183,204,295,215,40,100,365,244,273,172,198,116,339,186,159,299,179,79,150,165,122,122,730,283,107,135,241,286,56,308,174,87,263,114,158,417,209,102,146,83,100,188,178,249,341,185,570,134,109,197,180,235,200,199,71,151,163,131,85,232,255,381,156,160,203,35,131,176,325,40,24,310,87,260,151,261,215,91,186,248,308,152,347,125,92,164,180,324,264,185,328,265,370,286,278,210,98,180,41,234,95,171,227,282,152,198,199,156,263,129,172,315,88,152,115,179,254,74,213,304,134,372,414,328,154,111,145,40,192,143,132,93,235,155,194,170,193,117,206,91,210,66,315,12,415,121,102,333,201,231,236,156,56,146,149,531,228,322,88,129,264,146,42,75,201,151,243,297,224,119,84,128,131,286,160,45,45,214,14,176,288,117,196,161,55,175,244,65,93,109,21,98,232,172,195,255,209,477,36,146,70,110,183,86,149,241,282,370,103,207,407,171,124,29,250,90,135,234,91,303,318,114,183,105,311,206,83,356,284,255,231,39,91,159,267,17,473,261,157,158,243,215,109,285,89,141,175,0,226,114,187,246,43,118,138,187,221,318,117,171,129,140,232,246,108,237,312,150,312,194,246,439,117,178,246,78,165,152,75,322,248,129,136,254,251,111,216,159,360,554,228,117,391,388,120,146,113,158,156,93,136,341,260,286,184,204,202,279,194,130,162,1450,21,190,203,140,124,180,304,128,138,126,118,77,312,147,99,97,86,30,61,98,194,286,185,198,234,182,172,221,306,291,200,232,207,94,196,128,173,141,565,207,164,141,241,342,113,122,255,197,138,178,92,236,129,132,211,179,410,134,84,77,220,145,154,215,134,38,242,178,274,427,242,196,216,198,183,161,71,124,157,206,320,233,203,67,98,139,139,468,200,196,291,211,271,124,195,147,384,185,78,164,318,230,173,157,49,99,299,150,167,83,216,100,172,195,144,209,124,256,203,119,61,186,134,149,150,234,244,385,196,67,138,273,235,55,179,254,235,133,521,286,234,63,216,63,172,74,234,311,242,124,177,224,184,192,41,269,93,341,134,353,143,49,210,175,314,267,264,245,139,332,251,219,294,164,183,331,62,242,149,79,188,227,174,79,269,229,38,27,170,285,127,111,587,151,308,236,299,321,235,164,142,178,66,267,249,319,155,215,242,157,129,95,174,132,129,101,77,106,125,228,165,47,256,69,240,227,143,51,196,137,115,190,81,189,109,119,353,183,89,130,209,64,313,84,210,162,215,147,250,163,190,311,446,151,94,126,169,157,78,137,115,257,468,246,32,298,188,147,91,120,253,230,152,159,127,96,139,220,246,199,159,301,245,317,380,248,169,279,286,105,138,135,387,124,103,324,154,448,81,124,177,377,251,162,197,233,161,339,154,243,204,310,98,305,22,248,218,186,126,63,139,226,279,361,43,268,64,272,109,177,220,327,119,109,258,65,122,208,106,76,196,101,140,127,103,174,182,111,93,156,201,261,128,62,289,185,112,48,155,58,633,273,149,107,249,446,138,53,148,39,18,38,117,123,268,64,23,204,26,30,55,237,274,207,304,67,107,185,310,130,140,184,187,84,303,245,198,191,285,172,89,132,229,245,196,134,377,152,198,111,91,138,566,276,55,278,217,201,66,128,335,187,163,139,146,32,180,80,373,202,273,151,185,213,228,149,149,240,144,177,46,676,57,364,189,150,246,89,135,187,105,129,224,152,265,248,276,186,132,199,58,37,291,259,249,277,121,216,274,106,100,52,103,119,180,257,126,239,296,126,364,209,190,139,148,120,73,171,193,119,315,135,261,137,196,293,293,187,240,404,297,191,229,156,390,175,185,115,132,324,207,56,112,253,152,148,298,269,219,24,195,299,219,161,112,117,147,143,103,243,235,238,222,140,75,139,139,104,180,139,97,97,256,175,145,102,254,105,281,161,185,104,180,52,269,284,127,221,114,212,125,154,129,155,83,367,311,269,394,138,153,160,209,104,148,164,186,243,107,174,256,121,211,162,257,247,111,190,316,237,23,121,138,309,238,194,265,130,119,360,80,164,134,335,146,68,127,266,252,100,338,42,253,97,182,260,98,269,127,171,87,232,145,85,17,170,217,120,168,194,118,22,108,272,332,244,9,173,37,133,363,590,144,140,127,195,188,464,59,176,189,91,102,249,165,307,130,169,165,53,244,88,314,110,45,152,92,114,292,204,118,189,101,298,326,229,264,42,384,60,396,253,217,132,103,250,206,115,245,187,204,177,65,209,212,42,243,284,539,179,482,200,92,164,101,496,200,421,372,128,90,177,149,239,213,225,163,279,146,142,144,834,236,220,69,33,314,50,203,215,40,191,37,202,471,144,43,87,362,234,147,219,130,292,224,218,42,175,198,46,133,112,155,204,93,152,280,264,223,55,73,78,151,201,232,99,180,69,130,148,183,323,264,238,233,154,37,88,109,244,88,270,268,168,178,94,182,36,152,134,33,242,109,244,170,98,175,201,284,98,87,70,302,229,250,70,54,139,172,161,142,179,325,252,301,242,351,207,190,186,176,273,259,276,111,333,183,288,278,248,238,161,92,205,328,96,135,225,86,355,126,137,197,123,281,133,253,133,212,57,270,104,136,142,237,199,36,167,156,199,172,191,90,120,286,72,262,42,203,250,275,192,152,71,247,192,336,110,154,183,121,201,126,185,242,35,191,237,104,138,139,124,21,219,321,38,66,151,387,112,331,176,274,265,191,192,268,282,343,168,123,120,265,43,31,98,189,173,30,122,64,293,172,87,175,123,100,65,133,219,565,105,128,185,191,188,258,170,130,158,42,128,181,112,118,131,130,138,152,15,39,140,65,71,35,91,252,213,265,103,53,378,242,268,228,145,147,243,49,260,237,136,276,239,245,136,217,222,261,185,307,186,85,255,130,267,273,245,398,345,107,177,129,135,218,251,245,65,169,225,386,142,281,192,186,231,220,120,175,210,271,271,226,226,32,73,347,276,295,152,16,149,53,306,178,200,183,100,68,216,165,192,145,122,220,449,187,47,281,326,69,294,126,166,306,363,94,306,88,138,356,257,77,272,316,112,159,197,203,96,291,312,192,107,233,291,145,273,119,154,174,253,181,54,106,452,117,264,321,51,150,187,16,155,75,228,46,322,177,245,76,300,279,297,201,105,105,142,234,357,305,245,239,172,262,92,213,275,105,102,177,187,120,137,528,183,118,223,111,512,334,169,134,73,229,368,431,100,170,189,137,185,420,169,59,220,49,128,261,260,252,278,204,156,392,142,69,212,133,96,264,119,128,178,125,159,99,292,205,168,37,18,41,138,127,83,226,88,147,182,179,248,124,158,149,136,207,99,488,153,73,130,257,148,230,139,215,260,245,115,70,324,130,300,255,198,262,75,101,254,169,333,116,117,453,71,210,153,246,122,164,102,35,123,181,251,171,194,544,147,276,132,89,299,303,127,118,175,378,221,199,293,186,143,53,36,215,153,57,64,240,102,88,128,228,262,172,58,127,152,92,139,371,197,95,449,97,143,176,236,181,140,131,177,238,71,365,356,269,803,124,64,172,61,111,81,76,154,87,538,132,118,86,532,153,219,196,126,179,100,206,474,238,126,117,75,127,242,175,78,106,66,98,58,174,174,502,84,175,379,74,155,299,143,138,324,296,246,237,170,184,97,235,111,34,40,118,124,185,122,99,260,78,146,190,132,287,417,187,80,88,319,201,36,215,131,278,182,132,224,227,178,128,31,192,145,141,198,151,253,218,374,60,232,230,122,163,188,453,450,373,336,59,222,70,120,115,232,139,502,82,116,183,224,163,104,77,133,173,157,215,128,200,87,156,184,233,313,44,74,118,121,201,149,351,109,105,61,110,79,119,84,446,104,118,197,115,56,279,105,129,234,164,110,65,266,139,506,278,149,125,213,158,54,50,173,17,170,32,295,148,58,306,223,333,33,387,322,264,408,111,47,223,238,256,78,365,53,278,169,31,59,259,230,231,216,256,93,231,132,225,384,128,109,71,56,77,115,148,382,180,254,79,315,297,185,188,81,127,282,38,86,127,79,88,137,77,198,144,213,112,268,191,23,133,255,157,93,203,33,70,310,153,362,285,198,353,213,57,175,277,100
13_FLT3,619,597,688,353,249,268,1002,332,687,264,703,466,392,1344,557,790,182,286,235,912,1086,1156,547,452,634,699,273,677,870,451,659,173,889,482,140,839,348,504,684,607,570,436,839,669,466,586,347,299,680,544,487,320,602,825,243,639,1608,308,1070,410,771,377,700,175,550,245,832,599,401,268,608,436,842,692,318,940,404,244,1424,322,845,952,287,546,520,527,837,303,1810,474,526,842,529,424,751,466,568,532,728,841,631,1007,724,123,431,540,840,111,404,172,425,560,501,433,1015,454,963,705,201,271,1582,1173,510,917,310,660,724,775,381,408,411,230,1804,631,1219,233,648,1497,475,370,837,335,284,412,755,408,647,407,449,642,513,173,411,465,755,984,450,512,523,573,572,852,488,211,452,1341,376,600,604,777,463,801,2324,420,541,382,173,111,548,526,174,1379,1153,1060,897,356,380,961,807,982,945,338,569,271,1189,480,777,397,762,348,255,677,484,747,566,804,507,817,598,638,1258,409,647,457,878,336,601,620,139,1280,992,705,1287,408,499,251,473,340,331,1168,538,1601,781,694,1098,360,261,445,287,645,350,443,601,409,588,496,483,497,431,414,356,462,332,344,405,383,750,431,470,2001,539,440,577,701,476,828,637,289,744,809,522,964,1205,602,332,1275,946,899,356,329,710,668,570,281,294,513,493,721,336,1483,1150,615,461,684,395,669,292,436,460,570,548,388,522,1240,670,933,811,221,400,288,919,333,478,321,1184,296,522,938,363,958,759,527,615,516,1377,1496,2138,388,1320,1560,688,522,684,630,484,551,1133,216,372,1137,327,393,535,334,598,416,473,302,309,534,700,1802,686,386,422,445,333,615,194,443,561,1041,485,549,605,594,836,903,827,517,1076,197,628,668,599,342,425,325,345,546,364,781,583,371,910,760,180,245,498,174,359,782,496,790,496,526,571,1226,371,723,304,757,423,541,878,160,416,432,802,536,467,470,712,1057,468,795,387,553,813,357,881,280,636,534,341,309,741,702,963,985,1942,710,317,228,476,1055,331,849,511,579,962,604,286,721,756,234,564,646,977,766,468,1889,574,458,530,1102,603,761,467,599,607,405,570,314,391,412,847,278,758,1066,655,439,1263,720,388,978,1320,258,465,722,574,292,303,686,1065,523,448,373,616,643,197,569,1413,481,716,979,560,528,455,298,360,482,1023,329,631,356,765,607,216,529,404,820,797,978,486,292,385,624,795,715,484,562,859,450,469,604,1402,435,339,498,1362,375,142,821,338,1226,612,382,659,606,286,214,434,445,731,397,368,1286,401,667,487,667,774,900,545,569,602,752,413,403,904,1166,478,547,448,493,704,360,562,620,1027,279,455,497,777,330,1038,551,550,1009,532,333,484,499,749,1404,1798,769,438,475,1112,531,296,417,1357,357,277,384,608,421,608,709,360,515,433,403,655,596,501,520,459,716,277,187,410,264,352,201,82,1168,1140,363,323,885,697,555,667,765,188,214,940,352,383,438,356,578,629,508,499,1210,795,399,978,523,546,412,503,450,409,586,392,753,523,439,390,689,797,416,331,698,729,1149,1066,875,879,328,376,510,856,726,678,406,754,560,1108,481,420,382,409,763,336,517,830,730,605,533,432,599,826,262,647,572,461,496,1073,262,892,68,1006,706,497,954,746,259,708,1378,414,821,541,627,1045,783,404,631,1283,252,94,1314,468,548,659,589,793,704,183,670,303,1026,527,470,323,334,400,1160,951,311,507,259,699,1005,226,199,582,531,323,148,367,681,333,271,805,339,285,706,201,855,744,232,901,483,309,689,483,928,525,818,2674,72,247,587,719,912,577,542,203,952,931,337,823,770,718,739,645,403,935,992,312,788,197,545,228,299,474,1137,481,622,523,794,283,948,684,348,235,676,504,376,450,514,626,365,576,410,571,458,958,876,198,436,516,276,677,835,1094,339,732,1084,364,953,215,422,677,1260,675,534,540,487,227,684,336,369,949,543,500,518,430,223,1124,234,783,464,1174,622,370,453,643,469,909,513,812,511,335,356,254,541,200,57,344,340,394,1057,748,1068,624,581,467,505,692,1070,725,290,928,627,317,580,577,373,454,739,620,442,211,780,266,543,707,1222,681,841,848,648,317,740,843,527,343,397,656,1119,255,334,585,813,599,718,98,461,480,544,2645,609,268,347,814,492,300,585,232,365,726,374,447,906,946,453,776,398,582,215,649,532,468,428,398,718,269,1254,1198,831,617,875,368,692,370,262,368,355,349,319,751,986,793,594,534,260,963,793,342,598,589,743,511,470,570,469,829,1072,872,112,369,887,733,675,985,691,253,1235,849,659,796,466,402,1010,701,344,1555,489,604,372,897,580,463,577,408,415,426,431,402,597,116,904,719,1008,533,1178,310,291,156,583,852,775,715,139,216,448,889,501,484,468,421,1108,1243,334,146,627,496,362,1730,315,418,188,283,208,176,493,172,336,1022,399,1091,323,802,667,1043,698,780,372,815,525,375,374,348,628,478,455,838,137,475,705,1116,1366,439,977,134,776,457,964,930,782,655,483,601,675,776,1394,800,333,431,1212,639,717,265,756,433,1005,716,744,612,801,507,564,545,771,344,1659,1087,265,654,656,939,254,1026,525,134,737,301,557,1065,654,456,405,284,252,465,553,925,1013,524,1556,532,308,570,473,787,665,656,256,293,795,410,215,360,721,1060,745,400,721,187,508,552,957,180,163,856,320,629,323,575,572,281,482,843,943,415,913,311,241,450,446,958,683,534,1929,1092,1273,2058,1068,797,318,463,266,591,494,625,733,778,415,579,757,375,1049,296,518,980,402,612,456,471,723,261,792,780,386,1187,1446,884,439,348,378,379,537,348,542,674,802,424,474,366,905,233,677,680,663,483,788,190,1243,323,382,797,780,662,429,470,906,1397,643,1197,633,970,283,463,773,358,303,174,1058,463,820,789,439,273,247,206,387,478,368,141,308,607,231,957,620,582,882,357,238,443,905,251,282,396,184,386,897,564,555,996,737,1929,111,478,186,461,451,328,436,701,1238,1241,626,456,1423,625,421,153,656,657,472,678,832,940,785,321,545,418,1058,927,221,974,815,1503,437,135,404,427,784,122,927,597,578,617,771,561,380,985,249,504,458,293,552,513,432,584,279,313,465,816,730,732,305,591,390,468,629,706,270,805,909,365,759,814,742,1389,386,607,797,270,472,613,307,919,696,605,305,745,657,554,595,616,916,1663,732,509,1223,901,140,565,145,452,261,389,327,1003,552,611,467,624,613,712,477,266,468,3305,165,596,541,477,428,337,985,597,449,414,523,275,797,624,393,357,279,164,215,735,581,608,660,565,742,644,540,662,978,790,522,481,637,462,533,407,595,490,1485,609,509,536,665,953,399,653,749,532,309,514,310,937,375,508,827,436,1348,312,352,276,613,632,486,859,332,92,708,466,708,1074,744,363,696,624,686,394,276,360,321,664,1137,608,529,302,346,608,782,1117,350,513,648,663,878,405,623,577,1064,657,535,351,1261,868,464,404,200,156,988,436,555,589,706,405,591,544,451,831,349,522,630,472,258,698,385,543,933,718,565,1129,631,273,308,891,850,290,800,839,904,568,2087,948,838,361,1070,395,794,364,781,1012,964,231,588,792,571,738,136,1171,385,540,651,1164,513,238,746,640,1336,514,866,1015,467,1106,487,711,944,433,310,941,518,655,481,175,527,634,539,721,1178,811,476,287,803,1037,374,456,1737,409,985,831,1205,1041,705,532,394,767,233,847,728,853,717,436,795,767,393,377,415,472,425,431,422,266,483,676,409,227,871,375,1145,703,716,415,364,432,269,437,268,299,168,377,919,587,282,449,519,409,1163,236,639,356,692,813,706,401,613,823,1797,664,281,613,529,509,373,385,371,687,1241,672,669,999,544,663,220,412,617,710,468,599,451,378,332,666,377,859,411,788,817,1060,977,661,627,939,474,278,346,358,874,991,284,647,431,1418,384,326,668,1054,681,670,444,613,623,1052,768,463,745,1140,355,1136,166,773,507,606,439,242,321,658,1022,611,525,712,752,916,214,492,822,924,347,728,670,256,396,755,688,531,559,319,594,302,353,490,461,377,415,517,649,1008,1016,252,768,372,433,191,388,387,2592,803,665,246,729,1053,411,136,471,183,107,125,435,500,727,229,90,834,65,40,124,614,811,541,788,255,385,477,812,434,581,459,546,240,892,705,630,459,669,594,359,310,728,683,728,599,1134,677,452,333,617,405,1846,757,247,1021,587,986,259,395,1439,654,859,388,393,136,618,291,1221,706,914,294,879,811,755,479,482,925,693,528,314,2219,303,1114,646,399,780,272,376,520,290,646,1312,521,847,713,774,563,636,605,167,159,886,584,655,1185,432,892,562,374,831,368,586,395,510,709,645,1045,806,551,1436,586,952,452,366,437,319,575,505,323,723,615,746,394,493,986,967,579,701,678,844,718,758,580,1262,521,535,441,593,932,558,468,351,715,558,422,985,737,763,343,816,1033,564,436,446,427,562,468,422,606,835,701,683,261,365,490,554,324,504,608,446,565,684,553,496,353,822,164,926,847,594,453,453,186,916,767,535,433,338,833,793,398,472,430,341,850,1035,991,1219,672,693,587,481,466,504,535,569,710,301,460,614,493,572,481,897,759,237,630,934,698,298,338,412,1291,799,467,724,460,380,1334,512,522,301,975,670,365,423,1005,614,772,961,378,769,497,726,470,417,904,370,197,354,559,594,353,222,339,738,436,300,628,859,155,417,790,968,687,418,528,160,702,1559,1612,212,377,1248,699,499,493,152,510,594,242,531,1039,434,295,350,700,588,958,753,760,799,394,181,759,283,453,963,654,353,1170,549,565,938,247,925,317,1010,442,1243,798,592,465,373,970,554,449,769,603,639,667,230,756,502,203,693,748,2424,540,1223,630,219,637,450,1833,981,1015,819,375,300,760,442,828,784,388,477,846,386,493,566,2209,869,764,388,252,1319,232,545,645,263,432,186,605,1017,453,240,327,979,438,524,558,408,778,1001,973,267,518,572,191,981,262,687,508,328,512,810,601,832,294,326,265,477,692,776,335,770,385,423,367,617,935,748,593,571,442,55,203,339,765,239,711,880,826,626,132,534,376,483,570,253,561,378,799,468,294,523,617,681,406,393,196,964,817,1415,330,478,360,602,910,430,536,1112,627,721,689,1061,605,629,642,522,795,797,801,412,768,405,739,771,1036,433,427,360,587,837,382,437,377,274,1266,1009,477,515,292,381,628,711,474,558,343,899,325,495,352,654,738,103,626,418,936,517,371,402,198,931,183,738,315,851,729,735,713,624,205,508,271,859,446,522,398,291,694,533,472,590,410,501,1002,477,377,888,467,112,586,917,373,396,269,1369,388,925,855,689,615,637,641,897,775,910,613,631,439,1066,197,311,248,433,655,313,421,545,992,423,728,645,676,647,240,497,764,2033,399,568,505,518,608,580,456,721,477,402,608,580,274,298,472,424,318,499,192,117,465,273,277,74,301,689,413,711,354,186,781,710,1075,627,336,455,982,239,1252,834,558,762,496,675,397,593,535,616,478,841,522,277,857,297,1370,595,685,1165,1003,582,527,433,486,672,748,692,100,466,656,1121,637,1044,625,486,1100,595,415,436,778,930,779,743,790,307,347,892,749,846,421,64,704,393,994,487,582,655,192,226,590,490,662,436,516,632,1337,504,336,853,1162,261,644,276,398,936,1022,597,1024,346,384,1092,870,405,758,793,391,520,419,821,327,891,1649,489,254,868,1024,1420,659,649,692,935,764,474,199,386,1286,366,815,783,212,422,654,199,578,380,571,285,1061,623,1036,301,1055,729,901,550,270,801,523,842,1264,867,798,622,413,500,289,519,810,425,783,447,449,308,486,1336,487,499,1059,356,1308,947,797,438,475,482,1279,1227,330,527,549,353,372,1423,579,164,133,435,366,932,846,711,1029,595,335,1202,303,337,638,359,364,889,371,399,720,503,527,347,667,878,523,243,284,178,710,395,320,703,308,442,408,751,766,361,500,463,352,563,382,1261,509,201,532,777,401,875,515,632,814,778,338,316,891,419,962,712,621,698,442,700,570,842,822,599,363,1178,223,524,478,712,360,552,227,247,559,428,1031,606,784,1560,403,771,334,186,1027,519,762,533,980,646,854,541,910,669,390,167,443,652,511,354,249,779,714,339,371,769,841,368,207,640,498,490,304,1586,589,274,1578,366,359,397,806,687,442,736,823,749,254,979,967,755,2080,253,275,793,280,327,160,231,478,394,2037,545,326,498,1622,641,523,508,638,542,247,515,1512,678,519,332,253,419,739,482,429,334,317,262,325,699,422,1324,410,649,1192,157,572,927,425,338,1348,557,632,772,658,461,755,715,613,446,516,770,604,1059,383,449,921,230,537,560,497,743,1371,866,588,233,908,743,350,508,288,874,348,491,709,792,568,599,130,647,401,451,851,538,608,713,967,203,746,656,587,582,540,1356,1202,1245,919,386,719,286,399,447,1115,297,1946,433,332,609,666,378,365,310,532,770,1315,596,523,817,467,953,685,616,1193,222,241,315,717,415,561,1412,818,364,574,340,772,384,458,1250,746,473,453,474,324,857,407,527,607,372,390,323,789,453,1775,728,729,708,617,387,653,166,401,167,321,159,911,442,337,804,668,806,660,1401,811,783,1252,432,193,627,779,722,430,961,210,770,574,206,203,673,690,706,616,717,475,546,418,726,1175,352,280,368,329,655,576,357,1249,387,711,369,731,957,485,533,532,250,840,158,241,420,246,294,373,436,469,474,755,363,798,571,462,379,747,644,313,733,178,302,983,386,900,616,1162,959,857,396,463,831,449
14_chr14,29,54,48,22,0,4,45,0,3,8,41,22,49,14,9,3,7,0,12,9,0,35,7,7,11,28,6,20,9,17,36,0,16,3,4,19,10,21,8,5,22,22,8,16,6,29,9,18,12,35,1,10,16,2,1,1,6,6,7,15,10,19,13,6,16,2,5,23,2,3,23,5,3,0,3,3,3,8,16,14,3,1,9,52,5,8,55,8,21,14,4,45,28,6,27,1,8,18,34,2,7,3,44,4,4,23,54,0,8,1,19,15,21,12,38,32,5,0,4,7,15,19,10,27,15,6,18,5,9,8,11,2,35,5,60,9,21,39,8,5,8,1,18,33,14,0,13,4,25,68,2,0,1,0,2,4,0,23,0,12,9,37,16,8,11,13,9,4,21,4,1,34,13,22,3,6,18,0,19,4,0,37,2,8,15,1,9,9,42,18,37,14,25,27,43,3,13,5,37,14,0,2,7,27,7,14,4,31,0,4,42,7,25,17,4,8,0,8,22,3,23,3,27,13,22,2,0,11,2,6,6,13,1,18,3,9,3,0,10,5,28,0,2,21,2,9,4,4,36,4,22,19,8,4,46,16,8,3,14,98,18,9,41,11,11,22,2,1,2,7,7,21,49,8,11,45,17,0,8,8,16,2,1,13,1,9,18,7,0,18,17,6,6,12,22,0,0,11,3,12,5,15,20,21,5,32,12,10,4,6,13,6,43,12,14,3,29,5,3,38,30,10,24,14,15,15,36,9,43,43,20,3,13,2,34,7,20,11,12,24,13,9,7,8,7,19,2,5,33,13,9,23,11,11,13,1,7,51,0,10,33,4,2,6,18,12,27,2,2,25,10,15,8,5,12,9,11,7,7,7,6,4,0,0,15,9,8,15,8,1,23,3,4,23,3,11,5,4,1,11,11,79,24,11,17,3,15,21,23,14,19,5,13,23,13,0,36,0,64,19,2,26,16,38,25,4,13,11,3,16,48,30,0,16,19,20,40,7,6,7,6,4,4,18,21,0,56,7,79,4,3,25,21,38,2,1,10,19,7,31,9,9,18,0,11,27,16,16,43,16,40,7,4,45,19,14,2,6,5,3,3,3,9,13,46,12,8,14,4,11,8,9,21,25,23,44,13,13,16,2,22,12,51,2,12,38,4,23,5,6,21,0,19,42,19,0,17,30,24,10,13,38,57,7,1,6,13,4,21,2,11,11,1,26,1,36,4,9,16,17,3,5,0,16,44,10,34,34,23,22,7,23,48,29,10,6,19,18,29,2,23,1,15,22,2,20,33,0,24,30,10,0,8,10,38,12,11,19,15,7,10,16,8,17,3,7,61,17,22,3,14,0,0,23,40,10,6,21,20,29,12,17,25,41,13,6,32,7,26,2,3,4,7,6,5,27,21,5,2,3,9,2,1,18,3,0,10,30,0,3,5,2,7,10,0,23,2,2,11,17,19,26,0,10,22,6,5,13,25,8,5,22,5,23,12,22,15,5,3,8,20,3,1,2,1,14,17,18,60,12,3,10,6,20,22,10,28,14,22,19,13,19,14,2,2,14,10,12,14,6,10,2,12,4,3,5,40,2,15,29,7,12,4,5,18,117,6,2,29,5,17,21,15,5,24,3,1,25,28,10,34,12,29,10,1,27,1,18,25,0,5,9,17,23,58,11,20,6,2,1,11,9,10,35,15,13,6,5,15,28,6,14,11,25,0,5,8,9,1,24,2,3,6,8,42,5,21,2,5,10,37,33,2,3,1,8,34,18,11,0,5,16,18,2,6,13,5,21,8,18,2,33,19,4,13,0,8,56,1,24,3,12,5,6,20,8,2,17,7,37,32,5,7,3,6,26,10,12,8,7,21,29,0,9,10,26,31,21,7,6,19,14,5,12,27,11,5,6,12,11,25,3,19,2,7,2,32,16,17,28,54,28,13,5,2,1,0,22,49,13,5,2,4,9,2,0,6,5,2,68,56,1,13,19,1,11,18,1,39,3,1,28,16,3,3,4,0,34,3,7,3,0,12,25,22,6,10,6,5,13,7,26,5,18,12,17,8,21,1,0,24,15,15,19,1,3,2,4,50,44,12,5,35,9,1,29,2,5,3,12,12,19,2,10,13,5,3,0,20,15,4,8,3,51,2,3,49,23,6,39,17,0,14,6,7,4,47,17,59,38,39,9,29,4,12,17,27,14,46,2,21,43,36,10,6,21,2,0,4,3,5,24,3,12,5,18,20,13,18,5,14,30,13,6,30,23,7,1,8,4,19,10,2,13,17,1,15,3,1,34,18,16,18,45,10,4,1,21,51,11,23,7,2,25,20,5,6,16,3,1,53,9,5,10,6,4,7,2,2,4,7,4,0,2,0,7,23,22,47,25,40,11,10,24,30,4,41,12,2,20,25,0,9,3,5,3,7,33,11,7,19,26,1,11,17,36,29,2,16,32,1,13,13,23,13,1,18,37,4,26,20,35,26,19,18,10,40,19,13,5,56,18,17,57,52,3,10,44,7,4,2,21,9,63,6,1,8,19,13,9,7,2,19,28,34,4,22,25,18,17,39,4,25,5,13,0,3,20,15,14,15,4,41,2,15,12,6,17,12,5,7,14,17,5,35,1,6,2,2,5,5,51,3,34,1,0,4,8,39,22,8,2,2,18,14,23,3,0,28,3,1,3,10,13,9,15,1,7,22,20,5,1,8,36,5,0,12,2,1,16,23,4,2,10,54,20,3,9,6,19,24,1,15,19,20,6,40,21,10,20,7,26,31,9,3,5,1,6,15,6,7,19,42,27,23,2,23,29,50,1,3,29,10,0,6,60,11,11,25,9,3,2,12,1,5,1,2,3,18,8,2,10,4,2,2,6,29,18,4,0,16,3,9,3,0,5,60,18,73,2,10,1,3,4,4,32,52,32,45,6,5,51,29,15,2,27,27,4,26,30,48,30,5,10,8,45,22,6,9,5,19,16,0,9,4,35,3,34,16,19,51,16,12,2,7,3,16,8,0,15,14,12,12,1,0,5,12,18,1,16,5,3,4,3,36,2,7,46,4,5,9,9,42,25,3,4,3,14,6,18,22,69,10,18,3,14,23,19,34,16,52,22,3,32,51,8,6,7,26,15,11,15,17,5,24,25,27,1,20,1,1,5,307,1,2,6,2,15,5,31,32,15,10,1,4,3,43,0,7,4,3,4,3,4,23,4,4,30,28,0,12,23,7,8,18,43,5,27,20,8,25,52,14,10,49,15,13,21,8,36,5,9,3,3,3,6,3,10,7,20,6,5,5,2,39,33,20,1,1,13,15,20,44,28,15,29,4,48,25,0,6,35,16,10,28,7,17,5,19,59,20,8,9,37,1,39,10,6,3,20,26,13,1,10,13,6,26,1,3,20,11,25,12,0,20,15,10,8,5,19,44,32,18,0,24,10,36,11,25,15,18,1,5,34,13,16,3,12,2,7,19,62,45,20,0,28,15,28,0,9,17,23,0,4,5,9,19,3,23,8,1,12,61,13,0,15,27,18,4,0,19,16,27,4,43,20,11,2,25,7,0,13,13,19,16,24,15,4,47,5,3,4,1,11,12,14,6,18,23,19,30,62,4,19,1,6,54,7,5,1,2,30,9,11,16,20,9,4,7,4,3,2,20,21,4,15,3,14,26,9,4,12,3,2,2,6,2,11,11,15,34,2,2,1,1,44,11,8,9,12,30,24,17,5,10,13,65,5,2,9,26,2,22,3,8,31,7,17,43,34,29,13,3,6,32,12,14,15,4,29,6,20,10,21,40,29,55,0,14,5,33,70,0,4,11,17,43,14,44,8,11,3,6,15,24,13,29,12,22,5,29,15,6,11,0,3,22,3,36,4,4,3,1,6,3,0,30,18,52,8,8,11,2,31,46,6,1,57,2,23,27,7,8,24,17,3,4,7,20,2,0,14,40,5,13,18,4,9,24,1,3,36,7,153,2,0,8,15,2,3,3,16,1,2,7,7,4,39,5,2,15,0,6,6,4,10,0,21,2,16,0,17,7,1,5,12,0,9,5,20,5,45,10,11,12,19,43,38,22,7,26,31,7,17,6,25,11,10,21,13,59,7,2,49,6,5,5,18,2,10,3,19,0,16,23,26,9,8,7,7,13,23,24,0,55,34,28,7,11,22,17,18,1,3,2,41,2,50,0,26,1,15,19,4,5,30,24,15,23,6,14,1,24,26,14,3,3,14,50,6,16,2,20,6,4,11,23,21,13,11,3,3,4,2,5,17,16,18,46,12,18,10,33,4,9,42,14,12,17,4,11,1,20,2,4,27,6,30,7,64,11,5,2,13,5,29,28,23,3,21,7,21,16,12,27,47,1,8,4,1,0,0,6,5,1,17,36,1,5,2,10,4,8,11,22,8,2,13,28,15,19,4,5,26,17,11,0,4,22,21,2,47,28,26,6,1,4,5,45,16,6,14,12,5,46,10,0,41,0,17,23,14,12,2,2,16,52,11,22,45,0,0,13,7,20,14,9,0,12,4,4,20,10,24,2,48,0,8,16,8,6,4,38,11,43,8,9,0,3,2,8,30,14,8,10,17,0,5,14,10,13,3,2,48,103,10,7,12,7,12,35,3,2,20,4,48,29,15,12,14,29,10,3,47,14,52,1,4,16,10,0,21,10,18,9,8,23,22,4,10,22,26,1,36,13,34,11,13,5,14,3,3,4,17,29,0,7,32,4,11,5,17,0,40,35,14,1,10,63,14,52,10,20,19,0,2,16,23,1,2,8,3,3,21,23,14,16,4,3,23,2,20,25,3,41,10,14,3,13,4,18,39,17,1,50,1,11,56,9,2,26,7,1,14,7,25,5,2,6,39,27,24,4,7,17,28,1,4,0,18,3,0,4,3,8,35,4,19,20,4,2,30,9,7,20,55,15,34,1,27,10,21,14,0,36,16,39,0,6,6,30,13,24,3,0,8,19,37,7,6,3,26,6,7,1,4,2,35,13,4,14,30,4,0,12,13,38,4,8,3,17,13,32,5,7,15,18,10,17,15,14,6,14,24,2,28,14,10,11,6,12,2,11,26,1,10,5,2,13,1,4,4,11,10,1,3,26,19,9,30,5,15,4,21,30,2,6,8,0,5,13,1,2,19,21,3,26,32,8,28,14,2,8,6,9,2,36,4,1,11,7,1,1,7,35,0,2,25,48,2,57,4,3,22,7,14,5,2,2,25,1,21,27,3,13,5,5,20,34,2,3,8,37,17,24,9,27,8,13,3,2,9,21,8,4,4,20,13,5,1,26,27,3,0,1,9,19,0,5,4,32,24,11,1,39,17,18,12,11,4,7,2,8,2,6,5,4,19,20,5,5,35,14,5,2,3,13,18,72,4,11,3,62,17,22,10,11,5,0,0,7,14,34,13,44,38,16,9,11,17,9,7,19,20,5,8,32,2,1,26,23,3,2,1,8,6,23,29,9,0,0,10,21,11,27,22,23,29,33,41,2,9,48,1,24,0,2,16,12,0,5,6,3,3,1,2,7,16,15,17,3,1,0,6,10,0,7,9,48,14,7,8,18,10,19,25,0,3,45,25,32,6,8,13,18,4,5,23,0,0,32,36,31,10,8,44,8,6,11,10,13,69,69,5,9,20,9,34,1,6,1,6,2,2,4,4,10,106,11,13,29,4,53,18,5,16,8,1,19,21,7,3,10,1,11,34,5,8,14,2,23,46,11,14,39,15,5,37,2,3,3,12,11,33,26,10,24,3,9,2,12,10,9,25,6,1,4,2,10,40,14,9,12,4,44,13,7,14,17,14,12,24,8,14,26,13,8,1,19,13,41,12,16,6,25,13,29,32,15,29,7,24,6,9,20,1,3,53,0,0,1,35,13,12,18,2,3,4,0,13,3,8,13,2,5,6,26,11,2,13,42,5,6,12,14,20,17,5,4,47,3,2,4,29,13,4,19,23,33,14,28,7,5,33,6,10,23,0,26,23,20,18,24,10,11,15,35,25,18,29,3,10,35,0,2,18,4,7,2,8,3,5,9,30,4,13,86,1,8,21,21,22,13,15,33,20,22,6,1,15,5,5,8,19,9,28,12,18,3,5,7,19,34,30,19,48,3,10,14,28,24,4,33,1,8,28,8,10,6,30,5,7,4,9,26,7,6,8,9,40,37,4,8,5,41,30,1,14,11,23,26,10,17,12,29,49,8,17,13,10,52,12,5,8,22,0,51,1,6,4,8,54,22,13,1,9,31,13,1,2,9,1,34,14,3,6,2,3,13,1,4,9,12,3,0,22,9,27,5,24,14,25,5,1,15,7,9,52,7,24,4,27,1,20,7,3,1,1,13,4,3,12,34,14,8,0,3,1,1,10,76,4,9,12,18,17,14,3,7,10,0,0,29,4,0,26,16,35,5,39,4,10,4,1,1,12,13,28,2,59,2,5,0,1,0,46,18,1,20,0,13,11,22,7,24,3,10,2,4,15,8,10,5,13,14,1,11,0,14,41,3,10,28,2,3,26,8,13,8,8,11,5,0,2,9,32,16,32,5,15,0,19,1,7,26,7,44,4,53,13,3,14,10,51,13
15_IDH2,100,129,95,125,20,35,167,36,98,52,82,2,189,156,71,162,40,26,33,170,171,284,88,107,148,89,49,128,166,69,66,12,108,136,27,205,73,90,53,115,110,63,67,83,66,119,74,109,127,128,147,289,113,84,23,134,177,64,93,70,114,74,192,23,102,152,140,96,142,24,121,139,115,107,50,155,70,45,246,20,41,50,63,111,81,76,97,85,208,132,80,112,75,48,106,78,39,123,111,127,94,167,63,19,37,105,146,22,81,58,132,55,197,83,215,71,173,89,14,36,164,131,91,251,65,133,172,140,103,30,82,54,301,125,220,45,178,262,138,248,105,58,67,82,170,35,141,20,101,133,105,40,96,105,80,177,129,123,53,133,179,198,66,42,82,181,98,91,117,150,21,154,158,46,62,81,26,10,121,50,12,161,134,113,188,17,97,130,134,184,141,46,97,79,140,91,66,109,106,57,57,97,111,120,59,145,56,121,60,100,131,81,101,107,119,80,96,91,56,192,192,74,226,70,146,60,77,72,20,148,92,124,21,129,197,75,43,44,51,123,65,59,131,104,123,120,130,104,55,55,56,62,42,54,160,53,88,120,69,299,114,55,117,102,29,83,159,81,121,123,116,183,152,135,102,245,167,110,89,31,135,43,98,54,71,70,77,42,59,184,222,152,103,134,45,122,8,48,84,145,131,142,75,104,99,162,122,42,25,26,62,35,122,77,188,53,120,185,52,201,100,91,103,92,209,257,303,44,175,244,113,108,208,93,88,70,198,34,46,238,62,82,41,25,77,100,53,79,55,74,90,209,126,34,72,88,57,97,60,69,72,104,56,105,103,144,163,146,123,114,96,156,114,140,117,49,74,45,51,144,32,128,96,41,144,121,20,101,108,50,58,137,102,105,85,67,206,93,22,49,35,117,49,87,84,53,23,92,143,97,114,137,111,218,128,101,99,64,162,52,132,103,161,132,41,29,0,149,124,204,278,143,77,52,91,141,60,155,97,179,239,43,43,147,129,16,106,58,149,162,42,246,98,151,43,191,75,119,35,122,106,40,112,18,97,89,77,39,139,57,153,76,46,131,118,120,294,85,94,134,33,15,56,157,224,85,62,97,107,49,21,127,140,78,80,110,68,51,179,60,95,40,182,70,91,64,95,128,31,83,92,159,108,132,83,86,53,53,156,173,91,98,146,22,171,78,258,84,67,79,191,87,11,42,147,251,92,93,142,93,49,13,32,77,81,61,66,175,56,120,30,89,134,134,91,81,101,127,60,125,144,152,80,126,94,87,103,41,107,113,76,90,61,98,162,40,189,97,91,256,115,53,82,71,105,194,231,119,54,84,103,84,65,64,200,74,13,48,90,49,104,117,16,79,104,57,162,132,106,67,153,115,78,15,67,64,92,93,15,322,239,98,48,86,177,132,133,107,21,31,162,58,25,80,82,22,171,73,56,182,119,75,130,103,125,164,89,202,40,105,36,59,156,72,127,120,79,92,56,97,128,151,177,101,117,62,78,166,53,113,125,142,81,73,169,38,77,68,61,224,30,94,129,87,107,96,97,125,119,26,80,78,61,72,230,32,112,25,132,78,49,128,88,68,87,52,37,110,99,126,137,124,86,90,179,75,11,205,97,36,115,94,149,96,72,87,51,208,98,94,60,32,79,209,209,112,74,229,72,74,147,22,161,102,37,32,71,152,48,48,95,60,90,84,13,177,138,23,104,85,106,55,98,26,79,159,456,16,17,86,111,147,38,126,32,295,176,75,42,112,119,125,137,79,107,132,57,161,22,42,31,94,195,198,86,96,78,136,111,128,128,52,29,66,45,62,40,74,68,66,92,68,56,100,206,66,123,17,92,42,133,147,130,60,102,131,40,171,48,83,44,181,134,69,124,223,102,113,84,52,150,105,80,100,128,19,239,42,200,64,142,137,78,95,33,77,167,69,133,98,112,16,17,89,53,43,66,32,78,140,104,160,128,111,39,60,119,143,124,21,142,89,74,113,106,34,72,108,103,85,29,83,45,134,181,162,133,98,179,146,87,42,153,99,64,45,112,189,64,88,123,85,145,109,20,12,92,110,419,81,63,40,205,97,54,112,58,50,84,73,73,125,123,70,146,86,103,171,128,73,97,58,87,208,44,208,188,122,147,147,99,192,85,36,132,97,92,23,161,107,110,44,112,11,179,122,77,78,104,72,120,89,112,117,133,160,76,11,50,164,73,171,191,55,37,184,118,94,128,50,42,138,79,68,141,114,118,49,85,65,58,117,71,52,80,72,81,106,12,171,137,190,86,222,66,39,16,144,126,106,162,14,53,112,148,147,121,71,57,202,211,66,18,115,97,98,323,55,45,12,52,26,9,76,22,37,149,80,128,83,126,135,150,56,101,105,169,178,101,81,74,65,43,62,127,19,43,106,133,87,63,186,16,156,69,83,136,52,82,95,136,109,71,204,143,66,145,179,128,129,50,146,77,181,98,63,136,62,67,80,85,171,80,288,186,22,55,162,171,57,169,97,37,125,76,135,163,65,78,94,185,42,43,102,122,189,95,226,79,84,105,74,127,122,135,47,44,89,60,34,109,98,222,130,78,30,27,79,123,242,22,59,192,34,148,70,103,178,46,156,80,142,75,170,73,30,90,52,202,124,169,136,21,197,224,204,100,38,115,38,116,78,118,46,77,20,78,52,33,68,47,58,130,120,127,138,43,72,105,136,186,72,195,316,174,77,67,76,22,99,52,118,137,116,85,144,150,114,59,108,55,129,117,180,12,97,59,64,93,131,126,86,53,149,114,133,316,115,195,30,91,142,71,42,16,156,68,206,124,95,67,63,7,59,156,67,19,25,172,27,140,173,45,46,97,161,102,110,40,18,82,4,74,141,119,80,124,88,354,34,133,37,47,83,41,74,109,198,220,56,54,196,146,45,12,140,135,47,118,138,149,152,35,107,75,192,197,32,78,148,167,141,23,106,87,150,33,303,162,52,115,103,141,79,159,37,116,68,0,157,122,42,95,35,18,121,195,103,150,49,98,85,94,104,165,30,131,24,108,144,72,187,247,76,108,118,33,48,93,32,69,139,117,108,114,108,132,169,79,173,296,97,63,171,232,81,134,53,79,88,44,94,153,110,110,123,109,96,82,64,27,88,656,10,99,83,52,132,86,167,97,77,92,54,48,123,124,53,123,42,31,46,165,68,116,126,147,168,117,76,137,175,138,109,90,83,30,65,80,51,97,371,109,123,146,144,151,64,41,135,78,55,112,80,132,52,94,102,95,273,60,51,60,88,100,120,183,37,11,166,98,164,145,59,110,52,17,95,104,52,66,85,79,256,131,103,73,315,91,109,218,137,100,117,105,154,70,108,102,196,127,66,124,185,56,111,83,24,66,173,91,45,35,373,81,110,110,56,98,37,112,97,78,33,146,54,110,81,127,65,143,89,61,91,177,153,49,121,89,112,55,289,203,122,77,145,41,137,46,163,116,161,50,85,115,88,100,15,126,54,207,44,153,94,16,163,84,129,95,116,114,13,199,132,137,101,36,90,194,129,116,90,40,100,141,100,63,159,172,42,163,312,157,66,51,306,58,206,80,196,117,174,103,70,77,32,119,184,86,54,109,82,104,47,66,82,66,77,47,53,46,59,105,57,42,132,14,118,73,107,30,162,110,73,60,27,83,58,82,123,88,58,81,75,37,146,51,117,7,118,125,140,61,105,158,242,184,86,78,91,89,43,83,58,97,240,123,15,152,87,143,62,85,115,116,92,154,0,69,169,91,140,174,65,151,154,193,202,150,102,145,159,46,85,56,248,183,96,134,68,188,37,53,83,187,127,96,135,81,148,218,130,86,204,179,74,199,23,100,107,105,90,30,44,205,168,123,109,142,33,89,12,71,170,174,50,86,142,35,80,148,66,33,101,110,52,36,44,97,70,100,61,91,103,66,72,36,127,93,73,229,84,76,381,129,113,66,183,122,59,37,64,55,12,18,73,156,125,35,27,146,14,13,19,104,141,100,105,35,103,67,158,101,83,133,198,14,198,123,118,99,134,110,19,80,101,117,97,110,171,99,81,67,91,82,236,159,42,172,103,110,41,81,189,61,125,49,38,18,100,26,194,113,186,95,145,136,140,95,73,152,100,85,44,368,52,121,121,57,130,17,40,109,60,81,77,132,163,133,139,68,126,125,36,27,156,111,162,189,64,116,104,70,103,41,51,72,102,77,109,176,160,119,206,63,110,37,90,65,37,62,138,67,147,50,196,79,64,192,163,115,153,177,120,124,70,98,164,103,124,89,110,160,91,95,53,119,123,88,137,129,129,30,67,182,113,100,133,44,61,67,47,143,110,98,82,42,15,109,98,49,96,77,20,61,117,156,110,43,181,44,292,108,107,64,125,24,162,177,62,150,61,101,87,83,63,55,23,183,82,84,190,102,104,75,83,90,83,83,110,144,47,84,117,79,88,74,156,156,105,107,125,128,22,62,80,233,179,79,142,84,84,149,106,91,54,155,150,61,49,95,155,177,225,13,106,44,53,56,64,133,56,147,37,119,82,19,7,80,78,68,102,106,114,15,69,102,152,126,13,104,31,101,286,224,41,29,232,118,105,208,19,79,78,32,104,168,68,163,89,61,76,39,195,84,129,76,25,114,61,34,166,144,61,183,70,209,200,92,108,46,175,18,186,86,125,45,91,120,75,76,125,127,110,122,95,105,76,27,105,111,441,84,367,101,52,92,109,312,156,211,111,75,50,127,71,194,135,106,103,182,116,45,83,952,157,137,4,29,215,44,94,121,28,94,67,78,165,104,15,75,104,114,71,122,70,162,74,31,31,46,9,13,95,54,112,84,62,84,123,108,116,11,23,45,114,89,109,54,86,79,68,53,55,110,117,88,128,93,21,42,79,135,56,139,182,132,115,55,69,91,91,86,32,93,88,127,105,49,112,96,111,100,120,26,135,111,207,31,9,102,102,173,33,74,132,161,181,124,247,117,116,63,132,101,124,159,65,171,70,166,130,161,132,87,69,100,146,52,68,216,70,169,154,58,104,88,128,59,130,101,105,39,167,55,74,72,91,130,12,166,55,88,70,76,28,30,152,36,119,21,138,148,101,116,102,120,58,102,159,66,88,57,72,125,97,108,173,49,89,157,66,68,123,90,22,83,155,14,86,83,201,124,150,137,45,140,99,111,243,160,173,57,129,80,199,49,36,8,77,58,81,67,105,194,78,95,89,136,100,62,39,129,363,76,113,76,74,123,143,112,120,75,31,70,103,43,41,85,62,72,112,11,22,92,43,48,10,48,132,114,113,60,22,181,141,116,152,84,118,77,187,182,163,100,154,119,44,75,105,122,91,69,162,87,41,173,53,203,147,146,152,152,127,104,92,71,114,148,112,31,76,113,159,72,184,136,96,132,90,28,93,111,179,167,113,119,32,21,150,40,148,57,12,94,22,240,117,82,81,8,10,99,106,133,81,49,117,280,156,42,140,246,154,194,49,112,156,199,37,219,38,74,139,163,41,142,208,80,122,149,101,52,156,185,94,73,89,138,99,96,118,125,207,99,93,6,54,191,69,73,181,67,97,87,31,91,77,154,28,210,96,231,84,156,146,119,60,34,90,65,52,167,110,102,72,138,92,80,162,154,40,56,41,96,65,81,239,76,103,173,55,222,145,124,94,45,114,276,226,105,100,47,90,89,232,105,21,39,50,68,168,175,133,162,130,59,232,78,110,115,72,53,97,62,61,148,86,106,70,125,81,27,25,21,100,123,54,37,100,48,87,19,89,180,86,106,103,45,104,51,197,108,14,103,88,50,131,81,60,150,148,70,84,163,58,152,127,71,111,125,93,117,41,194,152,67,263,29,105,77,141,43,84,59,5,51,51,122,96,50,248,121,123,84,29,173,85,140,117,64,185,68,112,138,119,101,47,22,130,71,71,36,143,80,60,73,157,178,91,64,238,103,131,114,222,99,44,153,48,105,62,118,125,77,187,144,127,34,208,149,161,332,123,53,161,29,82,26,50,75,56,369,152,50,47,185,176,135,90,72,91,56,73,227,102,47,70,61,60,108,43,39,62,58,16,59,90,117,260,75,105,173,34,113,139,75,66,193,150,151,164,148,117,63,22,46,56,57,112,65,147,85,50,176,31,99,82,65,129,213,44,90,24,155,150,36,110,23,105,126,29,117,117,64,85,15,77,74,81,168,2,91,123,130,39,160,120,88,103,75,255,198,338,186,38,104,26,168,177,72,49,366,55,64,115,106,128,110,79,124,68,90,61,57,169,29,97,116,123,177,40,35,38,121,96,77,200,41,113,131,77,38,75,29,219,43,77,112,77,314,134,55,130,53,57,61,70,98,79,341,135,93,141,77,71,69,31,88,27,103,19,94,103,5,167,79,150,114,197,110,151,23,100,27,122,111,149,63,154,26,155,123,56,11,143,99,240,97,74,126,135,104,100,214,68,31,28,28,93,84,57,169,226,123,78,154,139,87,116,55,58,139,36,20,89,54,37,77,167,147,58,151,55,153,79,44,76,150,140,33,160,37,101,196,62,171,159,204,189,112,106,59,208,59
16_chr16,123,132,167,119,20,20,261,33,177,17,110,122,39,146,131,183,20,8,73,235,158,365,107,28,212,212,38,122,126,27,115,179,63,48,15,102,53,189,32,36,81,30,65,143,33,155,82,123,139,144,131,107,152,129,13,83,40,89,257,121,263,211,107,25,78,18,136,134,41,11,82,54,156,39,56,156,117,71,361,24,97,65,79,236,98,120,255,257,605,399,212,241,131,142,173,121,69,214,284,261,119,250,172,3,26,157,148,29,43,20,143,166,245,120,101,68,260,149,19,15,108,308,173,142,39,124,159,179,69,11,57,38,392,204,185,71,216,338,103,25,97,111,45,132,96,19,200,28,116,85,140,23,43,22,144,192,175,186,96,115,130,308,189,25,130,156,103,90,202,234,6,126,257,74,24,125,19,20,75,60,19,167,191,168,318,26,122,196,154,109,278,97,175,71,212,170,129,169,172,121,41,58,213,102,19,170,34,158,4,194,334,87,100,141,83,165,10,82,164,197,274,92,278,61,223,116,139,125,23,76,217,273,14,180,314,206,43,64,24,158,68,32,102,98,39,47,122,107,130,98,77,130,12,16,19,120,182,72,176,181,147,33,81,62,58,113,86,18,111,148,127,154,223,103,171,380,232,142,36,10,198,23,218,103,107,32,200,91,82,95,261,139,61,63,116,162,7,51,103,58,143,269,17,337,118,234,164,6,53,13,116,90,162,124,320,13,153,97,36,229,159,186,115,111,229,293,376,26,226,209,89,100,92,145,38,26,270,6,125,183,98,111,30,45,189,126,98,154,41,143,66,175,199,110,109,119,37,107,26,46,149,100,79,86,129,110,152,218,105,126,96,152,165,180,123,114,101,102,43,192,18,104,209,9,302,111,23,147,177,199,131,210,124,286,158,259,321,451,151,106,33,163,126,109,188,26,30,130,274,183,113,32,134,256,60,149,85,105,159,94,195,139,139,171,35,38,209,200,290,316,631,183,15,14,127,225,75,275,160,77,116,53,87,195,91,9,159,147,184,181,79,461,148,197,160,339,51,203,17,181,186,21,159,21,127,112,48,75,95,59,259,92,270,165,134,253,194,35,152,374,16,14,74,225,200,74,53,255,289,391,18,173,547,153,143,169,38,17,221,110,110,11,138,43,93,99,132,154,14,194,117,141,127,61,95,121,42,59,146,94,157,167,206,13,108,77,308,49,132,234,641,162,104,284,26,184,125,76,105,99,17,17,43,112,58,59,105,555,160,293,244,125,237,178,187,129,119,219,60,103,168,248,127,165,165,130,154,1,150,217,52,122,155,174,256,142,346,209,145,467,227,134,165,176,264,378,585,207,139,154,378,112,167,114,234,110,22,121,195,120,165,170,46,98,38,183,132,220,77,70,138,107,54,29,82,119,80,20,21,63,268,34,47,98,236,103,95,132,10,19,187,27,130,75,24,51,174,133,191,205,128,83,74,166,125,282,104,34,54,73,93,169,48,119,129,175,216,131,131,91,168,152,373,49,119,67,94,57,109,120,59,188,125,64,276,65,88,47,117,255,153,110,304,245,203,152,115,237,163,18,33,153,61,223,423,128,245,81,383,244,262,396,173,93,192,151,19,138,108,122,220,199,139,177,358,127,13,362,177,17,164,77,203,89,45,89,19,200,146,49,23,249,125,346,370,96,221,66,162,97,32,19,233,98,85,24,202,224,136,75,188,89,65,96,12,167,95,16,36,122,100,25,102,216,175,175,291,14,11,146,181,188,62,123,19,138,168,101,49,142,141,75,135,34,217,85,13,147,14,30,82,72,231,180,81,108,125,197,28,284,177,92,39,235,46,99,26,145,166,68,243,120,156,109,192,248,14,112,106,82,214,181,265,80,118,205,150,192,33,149,171,278,212,96,186,50,61,178,61,140,325,156,58,129,60,23,200,10,197,147,213,70,126,124,224,118,197,132,226,175,74,16,19,130,11,2,76,14,37,197,263,322,271,170,92,146,58,171,136,22,196,62,59,144,190,6,173,176,82,48,13,87,13,148,146,116,105,202,67,105,40,88,97,155,49,59,152,355,40,97,181,217,126,205,35,79,14,123,319,79,16,118,180,162,15,63,122,19,194,107,63,128,240,50,158,107,159,39,162,77,84,64,148,94,17,339,257,209,249,263,176,69,68,43,3,38,221,96,120,76,183,140,170,10,260,148,164,109,180,170,183,86,141,45,86,169,164,8,35,329,250,111,215,182,84,360,200,202,198,56,142,294,63,75,257,119,175,97,167,92,109,261,107,257,238,145,165,241,209,276,327,301,218,256,103,23,14,127,182,280,130,14,46,69,93,56,48,174,108,370,197,65,8,119,135,16,362,68,45,10,40,18,21,70,13,63,264,111,213,49,138,78,301,88,65,130,219,38,149,106,75,141,50,125,253,29,33,212,163,101,92,261,45,177,136,268,136,220,135,162,81,72,232,194,255,24,54,295,225,249,123,199,69,275,184,130,278,82,24,89,184,96,56,461,235,89,22,217,136,16,142,162,14,243,30,79,195,183,102,75,19,100,52,173,151,170,95,357,55,107,199,162,48,219,108,25,32,111,89,84,185,236,149,133,146,71,12,87,130,190,8,7,240,17,127,51,193,20,25,129,122,238,107,308,103,16,140,90,305,222,34,170,167,217,200,156,138,68,108,43,176,43,106,79,221,56,184,189,59,213,97,42,205,51,127,24,43,100,26,246,182,103,79,52,240,97,110,91,44,184,94,62,106,155,29,173,194,165,89,148,15,218,203,36,13,195,37,68,123,176,157,137,160,188,147,160,348,162,248,13,70,162,117,16,79,98,147,323,297,255,192,68,26,92,223,91,6,8,163,20,162,123,72,120,173,6,141,218,25,25,85,16,102,188,145,79,166,148,321,23,108,28,17,147,20,122,238,414,315,56,94,350,125,76,13,173,25,106,195,136,269,166,99,118,108,162,195,8,205,213,107,148,33,16,54,68,21,158,174,101,143,147,190,122,197,34,149,168,100,127,102,78,170,8,104,46,104,201,138,73,101,134,112,182,145,18,211,215,56,191,104,83,282,93,164,167,20,78,122,98,239,164,84,80,120,196,55,194,192,290,190,265,24,145,172,102,202,34,133,121,112,113,286,50,170,64,42,139,135,58,26,139,381,17,137,167,32,97,47,231,114,132,79,81,67,112,172,35,18,2,6,55,173,182,206,69,115,202,124,51,182,143,123,197,69,113,54,153,171,59,116,294,142,134,127,182,214,61,54,145,57,84,164,23,164,84,79,219,151,381,95,29,34,158,180,198,216,64,22,86,62,162,316,192,60,91,61,192,113,16,96,154,60,219,170,156,18,23,56,87,287,170,123,224,181,148,33,93,83,142,93,56,110,178,155,53,117,29,62,138,130,72,85,86,128,159,209,129,310,119,256,181,148,29,158,77,155,201,102,200,69,77,43,153,222,150,14,202,125,131,67,287,242,153,43,254,35,80,31,244,268,283,49,215,152,107,140,8,309,61,299,58,247,156,372,236,152,381,87,208,56,38,257,170,151,300,107,104,372,26,174,84,22,167,77,163,65,136,194,34,54,67,167,99,106,402,115,188,244,140,243,242,98,126,90,44,141,146,199,45,124,180,114,28,61,87,42,67,24,49,86,36,217,128,35,224,33,153,128,126,21,83,114,21,37,66,107,27,73,255,202,84,49,54,22,261,37,186,131,170,162,172,57,136,275,96,153,32,45,62,155,45,77,119,203,320,222,45,232,172,206,96,120,235,148,165,200,261,115,251,185,144,148,124,217,129,209,196,174,235,171,208,20,75,24,193,328,68,277,85,283,31,112,189,165,213,121,143,114,71,261,123,43,94,247,45,359,19,131,177,223,73,8,38,16,152,191,140,184,54,223,124,189,89,156,91,58,227,12,111,188,126,66,160,56,95,66,17,193,82,187,163,122,164,68,125,103,125,107,107,13,163,109,676,271,72,110,79,110,25,7,41,6,12,26,104,40,203,23,8,166,17,17,22,163,106,100,172,77,76,167,178,145,32,105,60,16,200,152,207,158,193,93,112,104,477,182,143,100,177,36,104,130,93,15,302,167,18,253,144,171,9,117,411,31,98,136,71,9,78,84,223,97,215,138,121,200,118,111,181,263,89,141,101,648,43,270,83,105,177,13,96,145,63,50,196,157,237,168,233,110,108,169,53,20,183,153,102,154,63,153,218,104,71,30,50,96,132,163,91,238,170,113,367,192,159,80,125,85,46,98,32,109,226,98,123,50,95,318,232,49,179,127,160,205,245,69,177,180,132,108,92,192,78,87,80,116,44,130,201,231,171,27,132,135,177,177,54,62,73,34,121,207,100,232,147,88,47,47,101,18,108,87,37,40,196,176,112,81,299,76,417,320,105,86,122,22,166,156,48,116,116,68,67,115,78,18,40,256,198,118,326,212,150,169,144,14,58,156,137,236,67,114,191,71,105,154,112,226,108,128,289,228,21,93,126,185,272,155,217,81,123,310,205,144,100,237,224,64,112,132,85,221,130,17,95,14,35,203,39,172,100,36,49,199,60,15,9,46,124,127,149,189,119,23,122,75,203,126,27,128,21,94,251,584,18,97,68,135,219,92,23,183,187,38,60,123,144,229,126,160,109,25,186,83,207,111,63,88,56,19,189,85,98,190,52,259,112,93,75,49,129,44,261,127,93,38,130,145,138,103,195,171,179,244,20,168,162,13,119,195,638,194,255,130,21,138,0,286,248,301,131,98,98,102,71,188,183,162,151,170,172,57,102,143,176,202,61,34,195,59,190,160,40,160,24,171,136,116,16,78,235,176,51,231,130,181,237,94,12,84,126,11,57,96,266,68,35,149,289,214,141,58,15,78,164,134,69,37,164,26,33,128,48,145,122,171,181,161,19,67,59,216,66,92,229,76,154,79,144,13,76,51,17,86,126,197,118,53,184,53,202,87,16,11,288,83,238,25,43,68,181,157,36,83,300,162,215,193,276,168,115,155,146,123,224,213,134,185,66,174,217,271,156,119,112,121,227,126,105,90,28,211,144,51,177,50,216,100,185,164,195,71,317,69,121,130,171,182,29,61,159,85,134,69,40,18,276,75,158,21,98,152,229,235,211,15,178,138,261,123,157,93,132,195,98,211,108,23,120,223,78,119,69,43,15,186,165,12,38,72,196,46,219,123,121,194,142,128,78,195,173,111,128,89,335,12,18,62,157,82,112,137,115,261,132,109,49,148,59,34,103,98,486,94,84,176,138,110,189,131,140,151,36,168,206,52,68,159,94,112,42,38,20,24,17,25,15,72,177,78,150,90,29,307,187,137,178,87,9,51,18,126,283,155,196,177,114,64,120,127,150,114,405,137,89,96,90,254,260,197,286,244,68,189,57,112,111,156,161,24,123,201,194,94,165,180,140,181,95,30,193,119,320,189,217,223,6,15,233,130,95,25,15,104,36,311,168,171,60,41,40,95,115,184,113,90,111,378,124,25,215,365,23,56,92,73,174,306,40,210,23,102,210,154,39,215,215,41,168,193,207,12,258,246,116,83,250,153,49,257,143,105,207,64,94,7,35,310,101,247,231,40,126,154,50,160,140,180,7,224,174,268,101,175,195,202,120,31,89,25,137,240,241,227,152,107,190,79,164,117,14,30,32,84,81,110,381,129,48,272,49,253,211,157,144,31,203,186,250,98,185,104,118,122,168,141,34,140,21,118,156,176,179,173,164,112,222,70,39,148,107,75,156,92,58,76,68,119,48,87,93,34,19,8,6,154,41,116,128,71,75,231,225,196,132,127,151,98,113,30,225,111,19,160,186,43,155,41,122,142,162,101,61,259,150,166,174,180,206,110,45,27,61,262,37,29,206,14,128,80,98,4,118,102,22,52,114,203,111,151,112,76,43,66,21,204,158,188,136,84,130,123,171,142,49,85,11,21,235,63,81,44,148,42,117,113,225,169,95,84,135,89,66,170,406,134,20,262,38,99,132,172,201,139,125,51,148,41,207,269,150,291,82,19,147,20,18,19,95,72,82,202,80,102,47,413,44,185,88,71,158,83,77,257,205,42,40,20,106,154,34,269,151,187,192,169,90,107,218,59,67,201,7,50,226,44,105,221,89,144,194,173,49,20,286,48,33,58,218,205,143,155,43,162,33,183,158,188,238,391,60,43,26,115,223,30,153,110,257,213,44,179,147,153,116,16,195,99,92,215,81,154,91,238,40,155,105,28,103,74,415,199,101,247,59,81,16,52,18,41,108,241,34,105,141,26,103,21,67,61,126,100,286,66,343,245,103,212,257,219,30,17,66,92,162,102,269,67,153,190,113,143,100,115,446,78,77,124,137,11,231,22,108,200,148,23,45,161,85,548,167,50,54,121,63,41,17,118,17,68,13,338,134,12,240,141,259,194,195,216,184,196,60,50,211,203,184,74,111,24,204,192,38,11,242,216,120,155,237,56,136,82,197,262,99,40,26,28,69,96,128,317,46,147,18,204,142,73,144,15,57,164,10,20,157,89,60,120,29,48,128,188,132,143,192,31,103,237,62,20,100,15,82,242,40,193,163,207,232,168,48,130,227,80
17_TP53,320,361,346,316,276,232,481,489,362,134,343,218,310,711,284,411,149,165,163,499,535,666,333,180,380,352,176,354,401,189,244,286,648,319,66,588,188,229,515,504,393,348,629,362,439,296,232,241,337,375,363,289,284,431,171,399,1545,175,438,245,464,265,594,151,368,348,492,272,372,239,249,490,352,353,152,442,194,151,705,195,287,242,125,355,252,305,373,775,1009,441,247,363,385,227,378,221,273,319,434,434,272,509,400,80,345,268,401,74,342,356,235,251,442,223,693,212,626,320,176,159,1001,550,313,598,247,399,328,375,197,232,207,343,864,329,481,140,542,716,297,540,378,162,217,236,493,697,307,170,228,295,243,142,451,278,366,592,367,218,277,196,303,509,263,383,233,644,281,259,298,412,230,428,1053,167,161,322,91,89,283,370,72,533,503,396,482,84,241,379,208,551,490,189,193,302,447,230,260,218,337,177,182,280,368,303,374,417,259,392,330,260,508,177,185,287,680,302,1272,374,312,892,432,632,602,234,366,153,197,217,101,855,160,489,208,320,396,109,161,289,254,264,176,319,351,217,300,93,162,207,186,280,125,234,266,344,500,183,326,179,303,962,207,543,244,451,256,435,419,211,327,400,289,356,576,262,187,630,647,506,539,352,378,579,331,180,154,260,291,641,222,773,671,489,310,446,203,329,97,173,237,369,240,419,236,498,343,440,350,269,257,134,420,187,310,219,566,403,241,378,210,355,352,242,350,240,954,799,1058,198,622,847,472,279,361,347,328,262,578,102,183,502,155,265,247,232,262,226,194,207,154,523,357,1004,360,188,247,247,163,324,158,240,176,701,332,304,288,181,568,494,429,325,477,378,196,382,255,217,213,146,101,359,209,434,214,430,400,436,228,213,158,105,190,402,238,340,221,375,680,499,207,385,206,252,203,315,399,326,489,186,388,279,270,298,325,540,255,569,239,233,462,154,412,281,343,344,253,176,283,356,471,460,901,336,219,71,285,457,202,479,284,363,591,355,129,373,472,180,334,332,620,436,166,767,257,291,285,438,344,350,231,329,294,200,216,165,333,226,512,149,349,855,451,283,649,346,296,492,908,234,218,342,252,71,161,327,566,335,177,327,308,745,101,239,577,243,419,472,274,263,406,145,151,277,465,161,367,158,424,290,147,234,247,413,264,680,238,233,266,217,280,331,283,276,377,151,342,354,636,224,171,205,718,145,58,394,223,939,262,54,307,263,114,88,103,239,816,189,215,611,201,366,217,259,342,438,262,273,337,385,207,263,412,425,260,399,228,183,294,141,277,298,373,155,224,118,346,212,410,206,390,815,221,161,251,236,186,545,741,348,221,224,779,168,155,229,748,176,211,235,254,341,279,183,251,239,300,121,337,311,303,332,387,514,181,158,194,199,170,223,49,1368,587,373,330,521,369,187,445,446,234,231,498,300,181,136,196,374,281,264,261,200,430,93,1061,285,242,425,285,93,256,242,197,230,288,232,328,280,341,192,218,317,375,527,517,716,319,121,197,403,506,379,297,353,333,323,523,372,226,172,184,815,207,288,408,329,308,263,211,402,560,213,293,261,255,165,346,95,440,244,515,287,339,586,387,174,307,452,244,491,275,336,354,435,228,165,682,185,77,686,247,339,218,320,383,299,267,416,282,441,322,463,255,472,205,655,450,239,292,460,353,377,168,128,465,298,178,108,251,417,208,167,376,154,410,392,130,497,260,237,402,262,176,614,145,558,275,452,1843,51,168,283,451,384,368,292,81,715,421,215,419,316,349,412,397,257,305,371,260,451,127,362,109,178,539,696,232,212,311,417,604,249,340,179,136,334,239,215,326,130,308,159,270,242,274,262,531,607,369,224,235,222,269,340,486,117,372,683,272,440,234,147,299,675,325,352,346,532,292,369,12,200,393,290,284,300,260,117,697,99,423,200,526,338,186,271,226,188,474,232,307,242,249,147,240,162,173,29,257,235,227,481,389,467,314,272,200,235,548,334,306,210,371,439,392,271,306,680,379,271,330,259,133,365,217,292,390,858,470,440,466,378,143,745,447,230,137,145,385,552,337,206,255,376,342,379,94,135,281,220,1076,425,282,201,431,76,208,387,177,685,373,232,145,560,371,254,326,170,261,128,291,294,246,216,203,916,208,607,566,290,212,463,278,385,236,93,326,413,236,153,918,567,433,134,309,220,412,361,316,215,317,381,304,253,549,209,481,518,326,139,195,451,332,322,435,244,186,654,497,273,378,10,231,516,278,311,438,330,335,203,393,215,194,388,226,408,335,230,210,302,45,468,426,503,285,551,136,234,224,396,465,357,565,135,175,163,280,263,328,240,214,564,643,377,115,396,273,200,868,154,179,132,156,130,68,243,238,248,476,168,446,191,395,404,407,520,351,186,382,353,236,199,236,283,215,178,395,151,219,416,591,754,205,617,93,360,233,441,533,372,272,258,331,288,379,650,362,171,343,588,297,420,252,403,259,496,485,284,405,305,284,373,261,401,167,900,573,165,408,333,579,266,555,264,70,316,66,261,459,315,251,277,175,185,189,316,266,308,184,764,272,196,337,239,625,273,336,321,261,305,204,107,303,426,588,363,205,309,190,271,292,463,401,122,481,243,345,158,284,314,0,378,562,493,110,450,137,211,214,191,429,392,377,1518,525,720,1071,698,271,174,264,98,344,206,347,294,372,299,272,391,237,376,134,311,495,215,295,250,366,387,280,396,300,210,485,750,450,193,125,231,205,336,158,210,304,329,395,350,339,551,150,219,367,249,211,440,172,501,160,165,470,408,278,243,247,593,631,369,762,278,452,477,230,352,161,165,111,480,251,475,416,326,268,147,160,157,377,220,142,125,194,193,468,502,243,227,295,217,224,465,207,198,163,125,118,389,273,261,533,230,1002,102,269,102,701,297,195,229,293,646,468,200,317,585,310,235,119,326,281,132,381,364,404,273,158,262,172,449,481,198,470,391,683,346,53,391,383,500,64,820,366,225,287,370,335,173,496,140,262,212,143,321,234,204,318,208,207,252,340,396,416,154,291,231,143,296,390,394,354,529,272,427,424,352,618,197,291,398,159,214,276,99,441,383,292,290,392,348,261,307,334,502,1005,438,307,493,514,183,409,175,157,205,236,237,501,474,315,242,179,277,331,282,365,228,2099,134,268,246,288,274,318,463,323,227,220,174,132,426,273,260,219,32,120,91,337,314,339,448,371,297,328,371,349,447,389,185,251,345,196,271,160,125,249,880,344,296,323,346,476,165,255,280,386,171,270,234,409,194,178,404,207,721,230,169,206,288,287,284,484,152,50,394,224,647,713,313,323,394,320,309,160,158,183,201,337,614,356,295,188,372,306,286,714,253,160,358,324,372,264,267,322,490,333,972,235,666,343,279,226,113,205,438,200,170,359,338,156,243,206,247,407,147,282,249,220,251,283,207,242,208,238,372,514,385,115,189,296,294,212,442,450,444,474,1336,585,426,180,502,242,289,215,380,467,382,231,332,297,218,289,116,459,173,267,293,483,236,87,419,398,413,444,340,439,293,511,373,364,453,231,246,505,367,354,204,269,202,313,262,349,658,416,279,320,448,408,190,201,802,214,855,416,966,544,405,274,196,294,89,343,524,447,555,178,396,322,227,206,205,183,189,246,184,124,305,356,171,752,371,195,499,260,382,182,391,230,179,692,142,208,108,118,197,283,140,244,193,346,685,211,392,273,397,563,415,205,33,478,1697,549,265,411,221,262,188,193,182,316,625,199,272,420,250,402,164,136,338,316,271,329,218,162,246,366,371,445,235,434,413,467,354,242,218,425,476,307,138,148,757,368,219,460,231,588,318,186,350,337,366,309,229,301,383,550,376,367,545,487,200,608,75,378,288,305,223,224,202,407,477,453,306,394,362,356,146,177,338,494,188,396,361,86,196,374,267,171,293,271,235,164,582,275,231,259,169,202,314,493,352,95,320,394,117,220,217,179,1260,303,411,111,416,1067,224,141,340,151,44,51,249,184,347,144,37,407,50,30,48,360,636,298,459,123,399,276,399,409,300,326,547,96,265,239,295,249,360,377,249,165,402,317,304,228,545,319,268,141,214,89,914,368,309,643,281,461,162,210,579,311,375,188,229,54,296,130,527,353,431,190,530,423,348,295,195,457,299,263,122,928,199,517,489,217,377,251,156,310,135,389,507,242,362,371,380,296,350,270,93,77,417,337,214,654,250,471,316,176,470,184,448,154,193,333,305,469,428,282,570,322,508,239,152,118,214,300,398,168,333,453,404,212,235,751,444,289,334,632,425,311,386,368,658,235,302,178,285,386,325,300,170,333,469,244,416,360,348,356,425,691,175,224,296,179,243,209,177,384,453,234,243,195,203,233,255,184,288,307,207,260,380,270,273,167,463,101,485,415,251,213,286,126,433,422,413,301,195,585,484,216,318,241,143,466,431,367,481,354,296,258,280,313,320,246,282,388,209,286,363,283,315,248,506,324,209,284,439,330,190,189,127,577,421,264,361,246,187,282,354,236,185,471,328,210,209,545,339,377,559,128,474,219,476,322,132,376,134,510,248,171,314,202,70,340,424,221,158,161,411,131,197,312,509,326,285,264,133,388,938,714,375,193,475,320,322,593,53,291,285,114,229,443,238,540,179,432,297,207,365,499,442,180,123,307,178,192,502,329,171,677,485,354,746,310,747,190,494,353,539,383,400,345,101,399,170,195,363,361,290,192,265,396,275,205,316,391,1415,264,1055,247,229,283,263,793,515,589,446,165,179,401,428,437,420,339,446,415,243,349,296,1858,417,357,168,108,518,200,119,406,187,237,154,290,555,257,68,173,535,326,146,354,180,378,380,573,371,299,390,196,379,219,335,257,221,233,384,280,396,110,223,124,253,306,409,150,436,221,604,192,272,376,192,270,359,250,41,131,198,356,115,462,423,426,283,140,255,239,260,277,191,330,219,409,155,118,320,339,350,224,446,239,429,813,834,248,299,247,359,431,342,226,372,399,376,342,603,312,722,292,289,334,329,404,233,508,228,437,353,486,307,242,209,186,478,214,220,432,174,494,625,250,192,370,268,280,275,194,318,80,393,191,251,214,320,368,69,292,261,402,271,351,189,203,418,101,296,239,228,391,334,293,376,132,348,204,428,232,288,272,150,337,261,348,448,192,245,439,212,169,484,189,84,301,437,245,282,307,737,324,419,438,365,236,325,130,471,474,477,206,327,226,548,184,77,161,239,458,173,237,265,483,232,311,217,315,270,115,296,412,876,193,378,334,267,274,390,336,365,257,201,320,307,132,177,219,241,210,220,76,67,339,240,200,45,153,333,168,395,181,133,437,237,504,340,193,63,615,371,663,426,286,369,323,350,301,312,335,353,287,506,241,156,524,122,586,418,352,495,448,243,197,210,256,338,378,324,85,208,342,702,301,405,342,281,566,244,244,303,256,445,386,322,263,152,127,469,448,503,221,124,386,204,557,210,283,359,129,230,354,288,260,216,256,341,625,331,183,398,526,149,382,242,229,724,547,367,457,188,178,325,432,295,331,529,182,165,254,316,125,442,608,261,141,359,526,782,347,278,313,510,293,252,96,523,627,304,406,419,178,230,268,83,262,175,334,241,495,245,839,449,540,306,451,244,358,275,167,360,538,398,467,323,327,441,207,400,466,194,350,347,317,212,278,632,238,405,497,573,791,268,345,256,256,354,616,480,203,318,193,197,130,898,339,97,69,585,173,534,262,408,495,201,161,542,166,244,342,176,351,745,152,217,249,232,167,173,437,426,399,240,179,237,403,235,106,361,156,397,385,321,436,219,142,230,250,280,163,691,216,159,256,309,201,420,284,282,375,443,209,208,459,203,449,391,191,300,215,333,324,240,487,586,189,593,193,288,166,412,276,354,144,113,366,227,472,328,329,1124,305,775,121,152,496,526,387,322,630,395,419,260,513,384,138,209,327,397,324,206,155,347,269,186,197,405,461,188,210,490,289,215,248,690,287,184,647,279,237,154,358,345,211,469,493,374,181,566,284,425,1248,287,261,456,369,340,296,115,262,124,1132,328,188,236,687,695,370,173,219,181,148,275,740,379,291,70,228,139,357,358,192,192,119,155,173,351,250,701,188,295,639,225,302,447,246,209,320,383,341,372,404,332,599,241,722,218,280,232,267,593,191,196,396,127,297,253,261,367,667,473,456,206,476,354,321,290,433,491,179,148,377,342,292,307,99,310,205,232,575,233,289,398,332,102,352,384,374,209,126,822,480,601,459,186,263,180,306,302,675,128,1413,170,160,252,430,276,178,211,404,422,538,258,245,456,815,246,313,359,641,141,158,149,209,301,275,616,271,216,307,165,231,117,135,693,205,198,268,237,499,395,327,526,356,274,295,266,402,234,951,388,344,353,314,212,410,136,263,111,361,216,279,242,255,444,305,453,260,864,406,410,461,283,52,192,244,380,297,568,119,385,326,72,197,369,387,318,290,401,239,278,210,338,578,90,186,171,119,320,329,217,592,370,302,263,456,391,264,239,256,141,422,88,84,224,155,119,193,380,376,232,334,226,646,235,237,223,375,366,417,375,315,155,511,312,400,344,533,492,350,246,227,435,302
17_SRSF2,9,57,51,27,1,4,30,4,29,0,47,25,45,28,23,16,0,5,11,59,5,44,9,6,31,44,4,25,11,0,41,0,5,14,1,11,4,11,0,0,39,9,0,0,2,18,22,29,4,21,11,7,30,5,0,6,18,20,21,17,21,16,8,2,21,2,16,3,7,2,3,3,51,11,27,69,12,19,29,0,5,9,0,39,10,0,49,7,10,24,36,51,12,27,50,7,4,8,46,62,41,60,8,2,17,40,16,7,1,0,18,32,67,4,10,2,4,21,0,0,6,59,46,9,2,3,4,24,2,6,8,0,42,21,31,17,17,39,18,4,23,2,2,11,11,2,44,0,13,40,28,1,1,5,13,11,29,28,0,20,10,21,17,0,10,16,9,3,17,22,1,3,115,6,3,6,4,0,1,21,5,9,20,0,40,0,26,54,21,1,23,9,22,9,17,17,26,13,20,4,28,5,28,21,0,3,5,9,3,78,58,5,8,16,5,2,0,13,3,42,17,2,64,2,25,4,62,0,3,7,10,39,1,11,37,3,8,2,1,27,20,5,15,38,9,2,19,15,29,5,3,18,1,1,0,30,39,18,26,38,22,5,2,2,4,9,1,0,8,0,7,58,42,31,16,89,15,10,4,0,38,2,5,21,7,7,55,25,0,7,15,4,3,2,28,27,1,6,7,7,0,9,5,41,1,57,10,2,0,1,19,0,0,36,19,0,33,4,5,33,25,54,7,0,21,21,94,0,39,55,16,5,0,71,11,8,38,2,23,35,13,6,6,33,12,10,52,15,2,44,14,75,34,10,4,3,4,18,1,5,47,26,7,16,5,7,14,58,27,0,3,13,56,28,8,24,24,33,1,6,2,25,13,3,25,1,2,10,14,3,28,37,15,22,4,0,4,18,4,17,3,22,16,9,34,2,1,28,27,23,23,1,48,21,4,1,3,27,30,6,8,5,7,34,4,2,29,19,16,64,60,48,0,2,12,33,0,53,37,8,10,17,2,46,31,0,27,12,47,0,9,100,12,0,14,19,4,31,0,27,17,3,44,5,24,15,15,8,20,12,0,9,68,33,75,51,47,2,37,50,2,0,2,6,17,13,14,45,12,6,0,29,75,41,27,19,7,0,12,21,2,0,30,8,10,33,6,3,0,5,40,2,14,14,6,30,6,20,18,0,19,18,35,0,12,8,7,17,29,32,56,3,1,29,2,23,29,19,10,3,1,0,4,4,9,4,15,47,12,16,5,3,43,14,10,16,5,22,0,3,62,98,19,2,21,17,16,0,41,21,17,20,2,7,2,5,12,1,0,9,2,17,16,8,9,20,80,20,9,18,31,37,1,19,55,46,0,8,4,7,4,18,1,0,1,2,13,20,4,11,23,6,4,0,16,6,16,0,2,14,43,1,2,40,14,0,7,18,5,1,11,2,1,25,2,13,7,3,22,4,8,1,3,0,4,23,3,7,2,2,8,2,2,31,3,14,16,16,6,2,34,41,17,2,17,2,6,4,22,21,7,31,12,2,67,4,8,7,17,50,18,19,19,19,31,0,37,38,15,1,3,7,4,22,22,1,82,6,6,34,11,22,1,9,11,78,2,19,8,25,23,24,36,41,79,24,1,76,27,0,21,0,17,7,1,2,2,64,38,0,0,1,3,5,23,1,5,0,40,15,0,2,20,10,7,3,21,14,11,12,3,9,3,15,8,13,3,3,19,17,8,2,8,1,4,32,77,1,2,4,6,24,9,9,1,8,14,21,6,5,15,25,16,0,20,17,2,16,4,16,14,16,21,5,10,40,4,41,0,43,40,1,6,38,6,18,0,27,9,9,39,3,20,25,39,25,19,1,6,21,15,6,43,7,13,37,17,5,0,18,35,124,27,8,8,14,29,27,1,20,118,27,6,21,14,4,35,0,9,15,33,12,14,12,31,14,70,30,9,13,7,3,0,4,3,2,12,0,0,11,2,57,32,34,5,13,1,12,29,1,55,1,12,11,39,0,33,19,2,2,1,1,0,28,24,14,7,17,5,12,1,11,18,1,3,0,3,30,3,11,37,21,16,18,1,18,0,19,24,25,1,26,16,7,0,8,10,0,65,16,1,73,62,2,4,17,33,1,28,14,6,3,17,12,0,57,15,19,30,48,16,8,19,1,8,1,36,31,6,3,20,10,9,2,20,24,22,24,2,15,3,10,18,2,14,9,8,1,4,92,30,7,6,50,13,14,19,63,11,6,26,27,0,5,34,23,12,10,25,2,33,53,6,146,35,17,7,6,4,15,34,3,19,42,18,1,2,9,15,23,12,11,0,4,9,2,6,27,11,78,20,4,1,0,30,1,58,1,0,1,2,0,4,0,0,7,28,15,27,0,0,17,1,4,5,13,25,6,18,12,2,7,27,7,54,2,1,9,33,22,8,15,12,33,15,47,47,7,34,10,5,3,9,10,36,5,6,53,17,68,8,37,7,21,36,37,59,7,8,9,49,4,3,61,71,20,7,28,27,1,4,16,5,16,9,5,36,12,13,4,1,4,3,4,25,56,5,37,1,10,6,0,4,18,45,2,3,18,15,17,24,5,16,13,19,13,3,1,4,15,6,2,10,0,8,5,41,5,11,55,5,26,12,41,15,2,11,5,32,1,8,69,11,28,26,37,13,8,27,0,31,1,25,45,24,5,30,10,4,79,52,5,33,7,16,0,4,2,4,36,9,6,25,5,25,24,26,2,2,85,9,8,10,41,1,38,44,16,15,40,2,2,24,15,6,57,3,18,23,2,36,6,13,14,77,26,27,19,79,1,2,43,24,4,14,12,10,17,11,23,21,4,12,4,27,16,0,2,20,1,16,14,6,2,25,0,32,35,2,4,18,3,33,28,32,19,19,15,28,1,4,1,0,5,6,42,5,25,42,7,7,150,0,19,3,0,5,0,47,55,6,11,4,9,18,44,83,1,56,26,32,0,3,1,9,11,2,13,28,13,15,4,8,0,56,1,27,15,14,19,6,0,8,2,9,3,13,2,14,6,0,0,5,13,5,3,65,51,24,54,4,10,25,7,22,13,4,6,37,11,47,3,4,5,2,9,17,35,5,51,77,73,11,7,47,30,16,1,10,42,23,28,38,17,32,13,1,25,36,11,3,30,55,3,4,18,1,16,1,61,11,16,19,7,8,0,40,0,0,4,0,26,16,40,25,7,15,43,10,3,18,28,12,49,80,17,1,11,5,0,10,60,11,28,25,69,7,0,6,4,2,7,42,0,29,2,5,50,19,98,14,4,6,40,20,47,10,10,8,1,4,17,107,66,9,14,22,22,26,0,7,19,11,8,1,35,3,0,7,9,52,12,12,44,9,26,3,4,15,42,14,1,13,77,17,7,39,0,11,23,18,6,32,12,42,13,43,3,47,2,18,18,34,3,18,1,37,0,1,29,13,9,5,43,31,1,4,12,7,33,1,21,1,18,25,43,7,17,2,18,27,19,0,30,14,42,10,0,68,15,23,0,71,33,6,33,52,6,10,12,8,4,49,3,35,27,29,17,82,0,11,0,0,34,9,38,3,18,1,0,2,31,7,2,13,178,28,17,7,34,42,12,10,13,19,7,4,50,26,5,2,13,32,4,1,12,2,1,1,1,30,6,23,22,3,34,9,23,23,3,0,18,31,3,6,6,31,1,10,15,21,3,0,9,0,20,0,28,6,0,6,23,17,18,34,18,10,7,8,4,29,6,42,16,22,37,49,14,55,34,18,8,9,51,40,20,8,22,6,0,10,15,9,5,12,21,55,13,36,28,38,17,0,3,2,38,14,5,29,0,19,4,21,23,41,3,27,15,12,1,58,12,3,7,68,3,29,0,30,24,12,5,1,4,1,27,20,2,26,17,7,15,10,10,14,5,14,58,5,43,14,14,0,0,1,3,3,4,12,0,8,15,13,39,10,35,5,30,6,15,0,35,9,197,44,19,10,2,21,1,1,2,0,7,6,4,13,3,2,0,31,4,0,3,30,10,13,10,33,3,29,46,14,2,7,3,2,20,36,12,23,13,6,7,30,13,26,6,14,47,0,11,25,17,2,49,11,5,21,27,19,7,25,90,7,11,5,20,1,14,9,21,1,60,13,34,50,27,7,33,49,32,0,0,80,7,107,2,4,9,1,35,12,3,16,21,25,59,49,6,22,27,16,9,7,26,5,30,24,15,8,43,36,15,8,3,11,21,35,4,36,49,36,102,21,17,12,28,4,14,54,1,19,22,35,0,0,3,20,10,8,9,8,42,63,48,0,16,16,11,33,14,29,11,26,8,3,0,18,35,44,9,6,40,22,5,12,1,0,9,3,9,39,0,20,32,4,5,2,32,1,0,6,3,3,22,12,2,34,53,5,4,36,59,18,1,0,13,18,4,38,8,4,31,33,2,4,6,44,47,8,16,16,29,31,9,2,6,36,11,16,5,16,29,18,0,13,16,0,6,16,56,8,8,17,30,90,37,7,14,5,8,25,67,2,5,44,19,5,0,21,7,23,16,17,12,3,2,84,1,13,5,3,6,20,8,1,8,11,42,12,12,9,18,2,16,8,6,23,3,45,3,5,17,87,4,9,18,34,5,5,0,14,16,3,3,41,22,27,30,25,13,9,50,11,3,26,8,49,3,29,37,9,8,48,0,53,5,24,3,3,16,0,25,15,0,1,37,1,3,5,1,35,26,26,6,2,34,2,76,17,70,43,33,26,0,21,9,21,21,72,6,19,6,26,5,14,27,15,23,43,11,4,5,16,33,6,0,5,29,0,43,1,2,14,0,33,143,6,4,5,18,26,11,23,41,61,46,14,3,6,10,6,23,0,19,10,1,19,25,13,25,1,0,12,19,19,22,8,11,6,0,35,2,14,18,18,7,22,2,14,24,8,4,7,35,14,29,16,50,2,10,0,2,13,13,34,9,7,27,7,60,11,3,0,30,2,67,11,1,6,26,24,4,29,11,7,40,46,44,3,18,16,29,26,7,60,38,22,21,27,5,32,6,7,19,13,19,6,9,4,5,25,5,0,49,0,21,4,6,52,7,13,51,1,30,11,18,23,3,5,52,15,20,9,7,1,5,18,5,3,11,11,4,24,2,1,3,6,46,3,27,8,8,27,2,40,6,5,14,32,7,26,8,7,1,16,6,3,6,8,18,2,2,25,8,5,37,23,4,36,35,1,22,4,52,0,3,4,9,16,16,66,11,26,11,6,17,12,10,0,6,28,195,3,5,5,36,0,7,14,21,4,1,55,19,19,1,15,0,11,8,0,0,3,0,2,0,8,37,7,0,7,3,53,0,20,21,3,5,3,3,7,5,6,7,74,5,4,54,10,5,11,42,18,8,13,15,10,6,44,75,39,7,11,3,4,15,38,20,4,30,26,49,0,4,16,4,6,3,1,27,5,57,48,35,53,0,1,22,18,20,5,0,17,7,30,18,24,3,0,1,9,21,75,30,14,18,33,0,5,30,64,2,5,9,4,34,35,8,14,0,42,5,17,1,25,31,0,20,7,41,1,53,66,6,9,39,8,6,2,40,7,16,18,24,3,20,65,22,25,19,0,5,6,1,7,7,33,2,24,17,35,0,15,38,0,10,1,3,3,60,13,41,58,6,12,35,2,18,17,1,4,6,8,12,9,98,18,5,45,0,26,44,4,32,14,5,20,25,19,19,5,3,20,40,12,2,0,2,13,70,31,31,3,52,11,41,7,0,31,19,3,14,18,11,32,7,35,2,0,34,2,0,2,1,58,9,1,13,6,0,6,50,43,17,8,10,17,6,1,16,23,0,29,14,5,20,3,20,9,18,21,6,57,22,17,30,17,36,9,14,4,3,75,4,2,38,2,8,7,5,2,2,3,2,6,31,33,30,16,43,4,14,3,0,44,4,8,0,4,14,19,15,12,8,4,1,4,56,2,0,0,23,9,26,11,24,17,1,10,7,0,0,36,52,36,1,17,3,16,18,15,45,24,19,3,20,9,21,33,13,40,2,2,2,2,1,0,9,6,21,41,17,6,2,70,11,19,1,10,24,12,5,15,47,4,4,0,30,22,3,4,2,6,0,4,1,1,40,11,41,25,0,0,43,7,20,24,23,13,43,24,0,7,78,3,4,16,11,88,45,16,4,39,4,14,7,3,26,26,13,6,1,1,10,4,26,5,82,45,5,27,1,14,12,0,27,2,10,44,2,33,2,13,0,46,21,11,37,5,133,23,4,62,7,11,1,1,1,12,4,105,3,10,6,9,24,1,6,2,32,20,15,4,3,1,6,1,40,23,14,2,0,14,11,18,35,16,4,0,19,4,9,0,37,11,2,8,30,2,71,3,20,27,8,1,3,57,10,143,48,10,10,10,5,3,1,8,2,7,2,35,20,1,32,38,15,9,6,16,35,32,0,0,33,34,18,26,7,1,34,25,1,1,1,13,30,18,21,3,39,0,53,17,9,0,4,8,13,3,34,4,0,16,1,3,42,3,25,8,7,22,0,5,23,1,11,26,2,7,2,39,1,13,39,6,15,23,3,2,13,1,5,49,8,14,8,59,5,30,3,7,22,7
18_chr18,47,184,3,128,15,23,188,20,125,23,76,43,69,133,94,170,4,18,55,156,57,211,65,40,104,72,33,101,109,41,80,20,56,64,42,100,45,94,68,16,40,17,49,129,35,109,70,55,6,109,52,91,77,71,6,74,97,61,151,69,75,83,121,20,71,17,115,80,46,21,86,65,160,74,46,77,70,50,136,30,32,21,33,78,61,73,99,48,141,136,91,115,106,71,123,91,86,100,123,61,95,7,122,12,42,84,148,34,38,26,85,55,205,84,80,86,147,91,10,24,162,2,55,109,19,108,91,81,49,44,58,29,255,104,5,27,119,14,84,31,34,51,49,64,87,12,125,5,82,114,47,27,42,80,140,76,84,94,95,21,56,140,96,22,48,164,75,58,76,118,5,83,19,56,14,111,10,14,53,72,17,109,133,128,97,9,88,146,91,58,121,53,76,51,194,76,45,115,95,60,10,61,130,9,28,105,48,121,97,68,0,28,60,112,75,71,25,41,57,97,177,46,232,28,108,53,49,35,24,113,49,141,15,104,68,15,66,16,60,107,56,65,113,91,44,21,65,47,58,77,63,84,24,9,22,26,115,80,68,227,98,19,45,37,5,145,48,9,34,82,69,172,159,90,79,188,8,98,24,41,117,41,119,54,56,47,108,69,56,163,186,146,65,27,55,100,17,37,72,3,124,136,45,193,84,5,145,40,26,19,282,63,154,103,125,26,90,54,76,98,99,88,53,52,139,256,12,21,179,8,133,60,105,96,40,7,197,15,87,204,36,87,56,106,88,50,72,79,37,120,5,237,124,51,28,48,76,101,38,37,96,29,73,66,82,79,108,2,88,88,96,87,108,125,76,60,76,49,31,121,30,46,89,19,116,94,16,125,87,11,34,178,75,94,74,39,34,96,11,98,23,104,53,58,128,19,16,61,107,104,67,23,87,151,70,97,68,70,154,59,94,9,81,90,16,8,62,55,97,196,247,130,19,3,39,113,38,174,4,78,120,52,24,138,118,14,100,113,158,86,75,323,103,77,60,11,30,125,25,146,111,4,111,13,83,69,105,50,65,106,132,108,188,69,10,95,265,54,73,2,22,23,41,151,107,62,24,90,86,28,13,118,87,2,43,96,7,35,148,52,73,16,130,22,95,62,78,94,19,70,77,122,55,24,67,68,35,86,110,93,80,97,162,19,78,20,192,59,74,74,222,33,10,75,16,127,104,52,87,15,28,10,18,54,59,26,51,203,52,140,64,52,88,42,84,89,52,123,39,72,86,123,93,73,79,77,70,3,76,76,35,56,61,40,152,78,5,103,66,285,56,78,74,40,45,226,7,112,32,80,118,88,33,64,187,66,3,71,75,92,105,8,21,80,44,58,105,123,44,86,62,74,56,16,58,61,46,6,18,138,21,35,52,92,113,81,76,87,26,12,129,77,49,108,30,43,142,68,63,11,56,36,74,65,94,123,120,16,55,56,35,108,73,71,93,101,88,68,64,69,6,142,114,84,100,27,55,58,99,3,56,105,114,47,170,54,58,39,85,170,62,69,96,76,70,68,72,139,121,23,48,5,60,79,123,28,102,8,103,80,55,114,79,34,82,111,23,108,60,91,67,165,70,102,231,58,13,6,69,7,101,46,119,71,40,67,11,166,96,62,29,19,59,152,104,85,72,61,102,113,33,10,127,51,45,24,81,122,65,44,78,48,57,36,5,127,79,24,115,82,70,224,87,113,40,101,400,17,23,85,6,80,50,88,14,55,105,82,23,90,88,52,95,42,146,71,23,150,7,47,25,47,115,173,49,99,80,88,11,139,118,33,19,92,82,82,18,74,108,72,110,88,83,78,146,105,16,59,72,64,47,114,6,48,50,61,91,130,20,65,79,183,113,40,74,114,61,100,48,69,170,75,28,94,73,36,129,37,141,87,188,66,55,78,127,66,145,85,112,70,28,20,29,89,18,30,45,11,32,128,91,101,103,71,20,95,57,206,117,12,125,62,7,95,133,15,105,58,40,30,2,16,25,65,136,117,97,128,75,128,51,83,24,75,38,43,110,179,19,73,124,113,84,54,17,55,47,51,81,61,31,59,136,87,23,90,51,31,109,88,32,64,121,61,113,80,90,37,117,80,30,38,92,134,45,153,163,113,127,107,100,51,106,1,53,13,121,29,123,83,112,62,81,13,96,141,120,7,80,171,67,89,82,25,141,97,59,8,39,126,111,108,172,129,34,207,110,104,108,59,104,118,14,71,176,117,121,58,125,77,109,5,87,128,89,59,54,70,11,78,136,112,104,177,59,19,9,56,149,112,99,23,58,43,88,74,57,63,60,242,193,114,21,119,88,30,11,17,49,18,36,8,22,44,10,24,160,81,139,35,121,56,137,77,119,67,103,32,64,70,68,137,93,71,162,20,33,139,121,227,34,189,25,118,75,142,8,116,115,86,75,59,130,184,105,32,51,160,83,170,69,184,25,141,80,43,153,87,40,70,77,79,38,21,140,35,51,148,143,21,10,98,35,106,55,69,184,89,72,43,21,26,54,80,111,131,37,287,89,24,87,79,56,126,70,21,24,94,52,27,95,137,134,132,51,90,12,29,86,114,9,4,41,18,118,12,107,39,16,104,118,171,89,151,58,19,72,78,144,111,51,6,129,202,170,123,126,31,95,26,94,72,58,88,145,75,101,71,50,108,69,70,117,52,80,25,37,84,24,70,102,47,172,141,6,64,43,74,27,117,48,66,84,151,39,120,7,40,52,128,35,110,68,160,8,183,39,58,214,74,59,49,108,103,53,57,12,125,170,8,33,112,47,42,35,15,85,73,100,120,43,43,63,53,108,49,27,11,81,5,61,76,62,136,92,17,71,99,24,29,77,7,51,72,100,97,142,118,327,12,37,3,21,107,22,81,99,237,12,41,3,212,73,83,6,92,22,98,10,51,10,115,62,87,31,134,126,5,8,131,152,84,24,35,52,98,25,12,165,97,94,76,30,54,131,26,106,8,38,112,51,49,92,5,46,16,74,126,86,50,29,41,66,113,122,41,120,204,84,127,120,8,15,76,96,128,71,51,96,52,175,121,77,28,106,120,26,49,105,184,6,152,55,207,2,58,110,43,66,69,64,86,195,80,90,69,78,105,173,21,21,63,482,14,45,102,47,75,35,164,76,55,66,54,59,122,120,26,23,16,15,28,20,37,61,20,77,112,98,51,71,137,42,112,112,85,32,90,99,11,56,228,114,77,167,124,119,39,72,103,42,48,82,4,89,77,68,89,78,156,47,39,36,83,101,92,127,89,14,53,50,95,207,103,66,113,53,93,92,19,41,63,90,111,90,85,31,39,50,96,231,86,82,109,89,48,27,65,100,130,30,5,65,122,100,72,55,2,35,128,62,76,52,104,83,85,106,10,5,48,69,77,58,35,108,37,80,80,88,129,35,90,77,81,104,95,15,66,140,121,49,17,18,133,57,105,22,72,17,133,142,123,38,84,67,78,67,2,167,36,159,27,141,71,15,107,81,142,130,75,71,50,127,119,108,172,8,47,152,59,108,64,13,69,59,77,37,140,115,14,39,120,10,74,72,274,50,84,77,99,169,101,86,53,27,40,72,125,91,55,81,101,91,24,43,55,32,52,9,42,42,27,105,93,20,150,18,94,103,92,37,44,76,28,38,36,74,38,29,7,77,42,32,37,13,147,41,114,76,116,66,118,83,63,180,138,115,49,34,64,81,38,72,51,58,239,122,19,136,101,116,44,61,100,11,69,34,76,43,35,73,101,62,66,189,5,6,195,131,116,159,10,9,61,26,109,122,39,169,81,7,16,57,75,10,48,93,64,96,67,145,4,56,62,107,25,167,15,181,110,97,83,11,42,85,6,159,71,112,16,5,53,35,103,67,53,82,97,29,68,132,39,26,120,60,78,44,18,90,70,107,63,54,79,55,54,40,174,103,43,11,78,38,263,161,47,71,70,68,39,10,73,8,6,6,50,36,10,14,12,115,4,16,9,110,104,66,114,36,81,107,78,90,84,70,63,20,5,146,85,79,124,88,64,96,73,106,124,108,199,92,97,52,36,70,237,85,16,66,81,114,11,73,14,66,56,45,69,11,97,62,159,68,139,74,103,116,128,84,117,134,68,91,50,309,18,120,47,80,82,37,58,107,47,65,86,72,12,101,40,68,71,105,30,21,8,91,51,237,62,8,132,62,51,29,48,44,55,103,84,184,6,97,148,12,77,67,46,50,21,86,54,55,104,60,140,65,52,136,103,45,87,115,138,144,185,38,123,48,105,37,62,141,116,67,31,121,50,57,135,132,104,20,91,101,87,71,42,30,26,76,58,153,57,60,115,63,38,34,70,15,56,43,31,32,133,33,50,40,149,40,38,106,87,88,100,15,8,113,54,104,67,59,98,82,40,42,19,136,113,20,9,72,70,98,61,18,46,57,116,127,53,68,99,45,116,85,103,78,46,102,161,80,21,58,54,209,100,80,111,98,50,137,126,58,72,121,126,16,65,114,59,113,129,9,90,19,21,126,41,137,63,45,79,110,63,16,1,81,148,69,85,59,100,26,47,99,138,93,6,76,23,34,2,146,12,66,63,64,66,131,16,78,61,28,55,124,86,148,48,107,36,6,126,63,135,60,37,68,44,33,59,45,63,83,27,136,107,107,67,14,79,13,9,83,98,9,7,133,38,43,34,99,124,108,23,96,102,19,198,129,280,88,163,69,33,2,62,193,157,178,86,61,69,106,63,94,81,112,61,158,78,51,95,232,107,129,25,11,127,5,75,91,33,75,29,73,185,40,17,57,99,82,40,160,96,186,155,84,13,57,74,12,60,60,127,58,34,77,164,92,144,31,7,42,64,48,77,58,89,11,31,71,48,135,92,113,59,72,13,31,58,112,44,78,143,78,96,16,97,10,38,41,27,87,58,111,67,31,117,47,116,52,10,12,189,38,123,16,32,29,82,119,21,55,2,40,97,155,165,99,79,156,90,97,125,115,79,118,124,139,92,147,47,86,37,95,158,87,66,56,22,196,121,43,126,22,96,76,103,50,82,41,180,43,81,95,105,3,22,36,70,66,64,70,33,25,121,29,100,9,84,21,110,108,75,20,94,66,152,89,85,61,47,65,43,85,113,27,91,47,29,69,50,51,15,122,113,12,49,79,162,36,112,143,68,102,71,95,135,156,164,47,111,61,55,10,8,31,66,63,62,6,57,178,81,20,68,80,32,26,31,122,312,59,94,124,67,66,58,50,192,77,23,94,75,45,49,62,43,59,31,26,19,43,27,26,7,59,92,88,84,54,18,162,123,148,11,45,27,38,16,159,97,76,140,135,79,19,98,126,60,61,135,93,41,127,63,180,122,100,156,15,63,81,46,60,56,83,0,19,98,53,139,50,135,76,62,133,66,31,130,24,161,2,69,104,9,23,162,126,149,51,23,64,15,12,96,59,63,27,31,88,106,121,37,51,86,7,57,34,107,110,20,35,55,39,89,185,15,149,28,42,105,116,9,116,88,31,92,93,139,30,131,138,87,50,45,104,32,144,134,79,166,89,64,22,9,10,38,121,104,35,41,78,6,89,66,110,7,131,84,112,12,94,8,110,53,25,30,4,49,161,152,59,58,0,129,24,116,68,13,27,64,48,42,52,14,60,22,82,14,131,140,102,79,14,99,167,217,17,17,23,40,37,161,115,26,90,19,44,11,105,142,99,94,64,193,60,46,79,57,30,70,50,65,8,69,86,37,74,91,62,10,8,10,46,16,52,107,85,79,78,99,171,33,91,45,56,70,16,218,59,15,113,130,43,107,56,104,116,100,48,17,14,57,183,77,93,98,68,37,109,70,185,37,27,153,16,48,44,83,32,86,57,31,40,78,95,80,118,11,48,46,46,31,163,37,84,63,32,135,156,72,106,76,91,11,43,108,40,39,35,156,37,65,46,74,125,58,50,86,71,49,66,7,74,10,206,38,52,67,12,108,64,36,118,110,50,8,157,128,283,31,22,78,31,30,19,41,53,76,19,60,47,31,237,88,91,78,65,77,40,69,152,89,47,41,33,53,112,42,44,55,29,8,46,54,61,187,21,87,195,7,30,135,48,76,170,103,2,130,4,56,25,10,38,20,54,106,85,78,1,45,141,27,76,85,32,113,194,48,47,4,82,100,20,100,58,175,56,12,139,114,69,74,5,11,75,55,41,61,111,86,11,56,121,96,45,35,26,256,10,123,11,48,83,34,59,20,41,51,243,21,64,70,55,69,8,22,92,93,87,72,62,83,16,52,77,136,161,56,9,42,46,62,95,162,30,54,47,30,17,35,23,197,35,36,63,87,14,116,23,63,103,56,36,29,3,38,277,149,65,85,90,60,52,9,74,8,63,7,109,8,18,189,109,153,116,138,115,151,153,48,21,94,75,79,30,115,17,98,87,19,13,112,92,87,111,105,56,108,76,108,128,71,34,21,45,36,93,50,205,28,92,21,84,81,50,44,27,40,10,14,29,72,47,41,57,37,46,72,118,82,129,107,22,55,153,8,15,74,12,32,118,40,117,98,91,8,102,34,69,128,38
20_ASXL1,219,54,221,180,81,90,376,231,159,60,218,102,139,447,235,187,60,177,114,269,186,447,141,142,259,166,78,186,336,114,178,0,195,223,69,348,131,88,188,167,106,156,169,231,183,188,152,152,189,211,169,163,123,218,40,275,659,137,255,210,343,176,292,35,182,65,270,229,181,152,218,247,180,157,51,323,42,110,457,116,133,75,45,182,169,113,245,177,360,252,127,145,291,160,166,62,187,194,258,270,214,324,253,37,225,116,265,2,130,71,156,110,348,222,368,160,318,212,61,125,501,330,141,19,159,261,265,155,120,195,149,119,447,224,331,72,248,414,154,144,110,110,68,159,171,180,235,112,178,175,23,101,156,161,162,240,70,187,113,245,233,362,173,95,165,390,266,167,245,235,94,303,665,140,163,132,74,49,90,204,60,265,272,296,381,108,88,274,279,364,320,108,159,82,239,177,257,162,236,110,33,184,246,240,128,275,71,190,173,169,0,140,225,111,192,118,241,183,235,445,182,218,455,115,255,130,157,107,63,329,89,217,76,220,348,133,144,155,153,230,116,130,269,72,225,114,187,158,104,153,120,90,107,120,102,142,175,118,192,278,160,152,120,175,172,234,240,103,224,252,107,523,326,173,160,307,239,287,188,52,250,188,206,106,161,93,114,256,110,474,303,319,285,296,107,209,100,131,148,186,193,265,130,253,200,261,244,76,38,101,217,94,229,144,381,77,160,266,180,215,193,175,15,105,435,458,484,77,418,435,120,146,230,130,90,183,327,58,106,389,128,157,151,155,152,143,106,129,124,193,227,664,204,115,90,125,209,217,80,118,147,333,135,205,153,249,342,263,260,134,394,128,183,268,112,126,107,132,142,180,119,192,164,112,255,291,57,215,88,30,75,236,231,212,111,227,94,339,82,211,85,234,114,76,227,135,169,131,216,70,156,147,170,304,118,255,154,159,336,125,254,131,138,216,121,65,77,110,355,384,426,168,109,88,118,295,153,260,184,141,422,197,74,223,221,60,213,125,417,233,162,501,151,161,203,298,182,186,110,130,192,131,206,107,229,111,249,84,203,404,251,124,240,191,185,436,462,114,165,266,103,133,114,267,251,227,98,192,141,128,59,196,472,173,276,246,174,39,315,89,136,107,430,160,170,93,228,114,50,177,191,313,303,390,208,123,167,201,167,254,144,190,199,72,400,175,334,214,138,121,425,119,25,187,103,328,205,162,198,192,90,59,74,111,287,57,153,368,132,215,134,154,217,231,147,183,148,241,127,154,274,191,115,202,127,186,186,59,184,142,220,105,207,169,230,111,118,222,219,578,233,117,144,177,214,439,657,205,171,120,453,186,117,159,461,124,133,127,129,125,148,166,23,117,156,140,215,175,191,148,275,212,109,69,134,155,137,95,22,438,421,124,149,333,181,197,346,187,104,92,298,183,86,124,119,143,229,53,130,373,279,103,329,146,139,233,224,168,170,156,138,114,176,161,180,198,286,155,142,94,286,396,307,224,212,141,120,200,259,210,92,229,275,210,284,205,108,125,144,208,67,247,239,183,220,77,36,268,276,47,169,102,106,241,312,58,129,0,286,248,191,318,169,101,85,209,102,243,208,192,305,176,73,213,401,144,27,346,164,202,261,171,178,142,228,215,117,349,203,260,141,68,127,452,323,174,149,185,137,176,79,49,201,206,126,83,216,148,123,109,239,96,148,172,135,130,233,33,319,110,124,163,55,292,207,237,1093,31,79,169,233,235,265,165,70,251,283,130,167,238,111,303,163,139,236,253,84,329,108,146,84,135,173,524,162,190,198,286,135,280,212,56,126,229,211,64,155,114,228,127,190,115,205,143,423,176,157,57,116,148,229,259,187,122,260,239,164,273,91,156,170,393,191,193,152,308,169,203,93,113,213,185,143,173,81,80,517,30,220,107,377,195,116,136,169,43,246,95,250,160,131,65,94,163,88,0,114,120,133,278,324,250,201,204,108,118,246,284,193,130,211,298,251,171,90,196,163,211,48,144,70,217,83,203,261,333,281,297,251,261,151,235,345,122,143,122,162,356,97,163,192,156,126,231,25,171,228,159,928,90,69,101,255,150,81,204,68,102,205,140,146,329,251,119,207,122,146,32,138,257,148,71,165,516,160,325,413,319,159,259,140,154,170,52,92,70,199,122,340,301,260,93,165,77,328,226,170,238,179,141,125,157,111,168,264,269,228,46,100,347,173,169,302,249,94,367,302,129,221,20,121,380,140,185,296,221,178,111,83,168,194,336,176,29,192,100,139,141,48,296,242,282,193,425,100,59,101,102,292,259,338,57,134,162,249,157,212,132,107,396,272,230,46,186,170,105,537,141,117,31,139,21,58,139,51,137,254,96,287,104,236,278,230,249,125,148,217,139,187,133,140,171,193,161,195,51,145,261,223,428,86,334,53,206,191,212,301,218,210,220,186,121,223,284,255,102,163,381,221,217,85,213,132,221,231,266,249,196,275,403,185,232,118,535,299,59,224,181,407,96,379,155,77,249,90,197,296,148,166,202,54,71,79,155,322,332,140,477,240,131,178,134,233,238,237,70,120,235,144,83,166,281,371,167,161,178,28,75,186,315,45,109,161,142,252,125,167,146,125,202,245,282,121,362,112,122,91,114,305,229,105,576,160,395,686,144,279,130,127,93,242,75,188,243,94,178,172,219,125,214,124,159,297,54,196,158,195,258,82,96,260,124,199,441,378,162,120,133,151,191,93,212,157,68,171,122,149,244,109,217,90,195,125,348,1,294,133,117,382,300,219,159,171,141,417,222,265,220,244,91,96,273,162,112,78,372,127,205,172,188,87,107,144,102,216,84,92,69,222,16,321,255,181,52,168,55,89,326,135,115,109,31,162,265,199,95,228,236,567,39,138,73,135,144,69,148,317,469,413,129,231,377,212,130,115,198,136,139,212,128,276,347,89,136,94,311,301,58,305,263,659,228,64,120,146,213,49,302,250,122,185,203,224,107,196,115,94,160,143,270,104,143,139,90,102,132,276,251,241,113,193,122,125,217,217,190,184,364,163,205,284,189,287,162,204,173,106,91,92,99,40,275,146,32,251,249,192,108,161,314,629,10,113,340,300,73,85,69,164,135,177,141,361,214,181,116,189,121,262,159,150,170,1520,83,178,185,131,122,129,227,234,126,125,84,98,287,208,116,97,106,66,83,212,170,165,155,218,208,168,160,171,122,225,124,283,135,106,237,127,186,157,434,251,175,308,170,257,136,161,199,210,42,127,88,241,110,131,247,123,364,116,86,103,169,248,198,287,128,33,263,117,217,433,217,98,262,157,194,62,89,112,120,176,171,182,292,79,90,259,308,466,143,190,208,226,311,47,92,201,375,136,48,114,326,153,155,120,48,142,187,166,181,176,182,114,222,179,107,217,100,257,165,181,153,158,106,182,161,151,236,342,248,115,162,277,278,135,260,266,202,144,699,145,235,167,233,139,276,74,229,246,245,53,175,186,177,157,33,289,156,198,224,484,134,63,234,249,222,286,210,276,105,310,249,285,235,79,98,320,170,173,143,14,169,199,168,236,445,226,112,55,202,330,106,164,449,174,350,311,385,263,209,166,137,278,82,168,427,257,268,113,244,250,117,80,91,122,98,75,116,72,118,149,108,137,296,144,322,174,236,141,173,127,114,320,77,75,140,63,261,177,100,103,70,71,338,96,84,108,228,328,217,106,123,237,653,242,89,232,203,120,75,94,77,160,322,127,145,188,171,166,58,96,235,228,187,263,141,117,94,198,154,337,106,324,192,253,344,172,179,304,239,87,72,65,504,260,86,337,136,384,129,112,152,307,202,227,112,132,176,319,214,144,210,285,59,277,62,231,214,182,170,73,63,243,316,195,146,286,200,291,70,128,223,209,120,178,174,86,117,223,162,110,226,111,97,99,108,129,127,199,102,183,79,286,320,18,297,169,150,79,191,140,780,300,234,58,231,392,187,46,144,89,32,32,136,145,232,67,32,244,22,23,28,179,271,237,243,98,139,171,181,297,116,144,149,71,195,224,180,155,251,150,81,155,133,135,152,153,209,100,220,92,190,137,499,270,86,423,180,279,100,129,209,305,305,111,59,44,189,108,430,218,255,115,315,147,239,204,136,305,175,166,130,702,95,398,186,95,180,132,95,117,65,166,147,174,320,212,282,215,243,202,75,58,240,221,251,283,151,232,273,105,270,99,210,59,159,230,217,340,313,109,383,240,283,168,146,136,93,153,138,131,214,284,235,136,167,471,232,42,244,348,257,232,310,216,419,131,179,98,114,262,232,54,92,217,262,150,128,192,269,127,260,291,105,149,173,165,81,108,89,156,125,242,190,145,118,83,158,52,107,131,108,103,260,121,216,85,321,70,275,277,139,198,105,91,249,237,113,207,89,157,256,158,145,52,84,222,238,213,297,191,234,138,165,102,208,172,178,226,143,153,176,76,188,163,260,100,104,197,271,283,100,150,148,331,266,158,244,156,105,263,185,157,78,277,124,89,72,263,123,125,279,74,207,102,77,209,92,221,113,107,195,186,213,67,70,134,248,86,140,125,287,63,121,329,160,185,62,180,44,203,462,475,118,115,240,150,207,341,54,179,148,73,146,358,132,293,135,280,150,194,132,362,253,91,65,201,116,7,218,223,117,359,201,187,319,178,312,122,323,123,485,201,216,88,77,203,195,129,183,227,211,135,72,207,103,23,319,353,714,96,467,219,156,191,0,483,134,317,262,65,96,244,157,108,268,186,120,255,176,190,172,838,172,226,87,52,344,147,203,141,81,182,62,131,169,166,76,20,361,273,134,101,137,268,241,329,125,136,214,105,196,136,181,190,70,174,207,146,265,105,72,84,139,206,199,74,180,135,98,116,144,293,195,206,178,193,31,88,119,146,44,246,297,349,157,63,159,131,128,237,114,181,99,260,171,97,205,179,187,101,137,91,246,232,396,120,126,108,190,272,118,207,85,206,222,206,380,143,268,6,77,278,185,231,76,352,193,336,157,307,176,106,54,194,220,110,120,281,49,287,360,194,3,108,108,271,244,134,207,100,243,113,133,129,157,194,33,220,116,253,201,178,94,109,294,61,150,71,329,172,220,221,214,64,243,63,278,73,147,150,55,181,102,139,215,137,160,295,190,128,309,142,37,219,239,49,128,181,529,126,265,218,119,194,156,94,273,268,299,168,197,65,213,45,36,105,144,241,150,137,123,245,140,230,173,144,252,51,120,204,715,124,300,177,152,179,45,213,40,27,119,129,111,63,130,138,124,96,174,22,33,140,97,73,18,64,107,73,174,131,39,261,111,214,273,106,220,222,92,409,264,77,234,207,265,122,194,240,205,154,243,152,90,165,122,497,174,185,272,312,122,121,127,109,212,61,31,37,114,166,301,138,262,237,214,268,54,56,128,163,324,258,50,208,118,53,329,193,294,118,66,272,107,171,141,235,223,79,70,189,163,262,164,64,205,367,192,29,191,312,55,163,149,149,398,290,190,157,96,145,327,217,164,152,265,56,185,106,176,81,254,277,176,73,278,260,385,207,196,176,286,276,115,71,171,430,62,188,269,91,109,192,125,251,124,71,91,372,140,154,106,248,236,298,177,146,238,192,236,283,281,277,181,182,247,159,164,348,195,197,299,109,130,162,563,89,229,340,176,426,280,221,164,215,148,342,388,120,192,126,104,87,461,94,97,100,219,110,285,61,184,240,165,125,300,151,111,227,112,129,335,125,137,196,220,130,70,300,299,118,118,62,59,3,159,101,203,104,216,108,243,243,58,113,176,74,83,92,321,117,69,181,211,140,270,196,112,222,190,77,168,218,140,274,222,186,207,142,243,259,266,245,208,83,412,104,215,141,208,137,164,72,150,245,143,327,237,237,523,134,339,124,128,230,232,320,180,255,143,206,80,262,238,99,67,64,268,203,142,93,200,191,110,88,152,259,118,101,251,156,171,127,324,184,161,387,95,109,176,245,68,199,196,252,235,97,223,111,185,694,66,216,279,141,84,80,117,191,166,538,195,109,158,331,95,147,170,166,141,73,213,598,213,178,147,88,49,337,167,197,140,126,69,53,188,135,453,120,219,390,73,200,283,126,97,238,228,211,240,147,218,330,220,193,140,245,106,12,267,81,159,217,79,170,164,101,194,298,199,219,66,289,206,269,200,118,277,108,119,288,225,176,197,39,153,131,157,281,163,153,237,342,71,247,267,256,246,77,466,225,417,320,198,225,58,159,62,118,84,423,160,112,95,190,127,97,128,193,182,227,110,147,306,115,0,188,207,367,95,81,116,209,188,122,256,135,188,134,116,90,86,106,394,78,149,127,79,82,214,127,184,172,157,89,124,259,135,596,174,136,293,206,140,173,42,121,109,66,77,255,160,102,302,207,300,186,282,242,206,277,135,39,145,101,84,176,325,34,234,274,59,80,243,245,245,170,131,127,195,100,128,326,113,33,18,94,370,134,124,301,120,145,134,153,310,88,115,189,97,228,37,40,128,82,69,94,121,277,148,117,143,347,66,122,36,95,299,112,202,117,98,118,79,247,223,360,180,131,157,166,201,232
21_RUNX1,261,88,243,246,50,94,424,115,314,10,349,127,292,459,271,495,13,221,175,282,202,741,265,141,161,264,59,228,373,90,169,44,120,226,15,207,104,208,136,149,174,121,257,224,73,250,132,103,144,247,224,263,89,113,81,252,472,86,340,209,119,140,142,57,108,94,177,86,126,96,152,306,320,156,149,234,96,112,351,96,16,148,76,161,41,80,390,163,436,371,233,385,173,195,335,83,129,295,278,281,335,428,232,33,173,95,225,35,105,99,176,106,307,104,307,142,286,199,86,103,1057,297,247,379,104,244,238,196,144,33,180,103,653,210,442,73,380,605,146,78,195,114,83,136,267,108,116,151,78,222,118,33,200,92,100,212,64,219,58,6,272,324,257,66,138,508,190,274,155,314,68,257,1177,90,212,287,29,53,130,57,20,525,563,279,140,109,84,390,114,355,259,85,195,146,272,273,128,117,229,79,76,225,231,294,89,177,154,225,61,263,394,96,237,251,249,151,122,190,302,588,420,108,600,107,338,161,233,129,116,236,165,556,66,290,283,122,128,62,98,138,137,150,351,236,423,87,177,85,136,170,117,95,81,141,194,102,281,85,231,413,203,112,151,192,183,456,61,11,315,176,107,300,212,209,191,371,359,143,250,65,274,171,296,112,182,84,194,284,175,538,291,305,171,138,80,178,45,154,144,330,193,184,135,111,257,359,420,27,45,117,248,64,183,143,349,25,149,132,141,241,215,178,167,10,498,596,1009,65,506,473,194,169,204,236,159,150,705,89,90,283,160,184,228,40,272,131,217,117,86,174,261,797,287,91,108,212,117,182,134,46,177,324,166,109,189,187,366,358,175,255,571,70,137,148,169,251,189,151,96,174,84,243,159,109,336,221,7,235,174,68,86,388,295,368,61,203,244,57,123,186,55,220,172,112,504,40,277,160,320,107,281,216,157,502,35,231,177,254,455,114,149,47,98,422,12,135,128,187,183,671,448,135,74,106,164,372,139,373,195,128,564,268,124,371,216,63,205,182,214,263,84,1013,79,21,211,278,235,330,20,184,344,83,216,68,240,107,63,62,240,542,169,108,644,214,267,437,234,24,193,298,79,92,108,237,412,168,198,281,81,146,57,269,592,33,279,415,191,100,456,21,113,60,323,121,149,97,347,133,77,165,306,195,201,413,178,195,74,187,136,110,144,245,174,126,154,227,449,99,225,252,484,169,57,308,95,256,219,104,301,88,69,92,94,245,296,162,138,520,125,286,146,71,336,374,193,228,57,71,121,46,481,197,209,213,138,139,79,45,159,181,250,154,198,73,156,108,358,176,98,513,276,121,43,249,184,300,707,161,178,235,351,197,162,41,365,188,40,86,186,117,260,275,50,253,207,85,210,126,279,201,165,428,70,46,207,238,139,127,35,452,486,65,43,295,215,183,214,276,132,69,370,139,154,246,77,107,192,99,267,272,284,125,362,233,150,423,168,236,151,112,107,266,177,130,247,184,408,145,88,191,130,290,446,317,258,110,146,154,209,247,170,419,249,211,275,103,173,110,82,332,101,90,307,147,194,211,145,339,346,88,133,233,158,178,348,94,342,158,407,390,154,374,150,106,256,310,171,308,133,315,277,303,91,188,588,162,61,569,88,173,355,160,227,188,124,158,46,349,192,212,160,55,146,229,568,220,229,220,168,424,69,75,275,117,150,82,356,46,204,126,204,173,169,143,124,315,501,69,275,200,152,241,186,97,150,171,1686,37,75,208,264,276,207,153,72,253,335,88,320,346,283,221,142,186,385,229,38,422,65,122,128,131,250,258,179,204,192,316,53,367,245,61,70,349,155,153,110,140,253,135,354,155,206,289,285,381,289,221,114,167,219,171,324,126,201,457,211,83,91,175,302,391,122,388,148,334,69,107,200,137,405,149,102,284,147,65,571,53,486,109,327,263,230,223,153,241,204,165,341,174,85,65,31,246,41,40,231,11,142,312,248,408,151,280,177,54,136,164,188,53,262,114,152,337,148,66,296,132,88,92,76,44,71,176,260,243,198,195,176,61,170,328,444,138,89,81,305,266,35,85,127,361,255,107,29,116,132,153,1523,222,72,97,148,49,46,213,130,266,359,101,119,290,475,204,276,155,206,64,154,160,251,86,122,457,50,580,175,349,155,354,197,443,72,130,219,103,228,163,175,424,132,253,175,76,318,270,97,21,242,347,151,118,284,232,458,308,256,51,40,392,97,318,209,345,151,381,247,168,280,103,159,458,83,238,404,185,256,137,93,168,109,326,141,394,206,157,127,327,60,194,159,324,238,539,159,65,70,144,318,289,391,31,21,143,277,187,118,260,250,492,460,149,69,152,161,35,541,219,186,59,101,70,60,78,38,79,351,66,415,85,351,201,93,56,136,62,73,213,282,194,55,72,53,103,318,97,241,428,434,534,145,519,72,287,142,390,421,361,191,141,273,257,356,419,276,147,225,413,288,417,184,338,97,283,219,127,244,312,148,105,142,294,84,898,259,115,95,215,167,71,486,58,69,285,117,175,529,123,222,132,71,122,131,147,216,409,65,459,221,63,224,156,202,212,381,132,139,48,131,41,164,143,264,88,195,277,27,140,103,380,144,34,259,75,313,141,306,325,76,203,434,195,148,270,127,54,90,66,253,335,127,1017,200,538,546,294,182,178,175,87,239,135,192,227,299,178,189,121,130,484,139,120,136,76,25,172,150,256,65,314,266,46,150,159,507,93,206,73,177,189,86,185,79,289,179,282,122,267,207,251,100,325,241,169,113,366,157,115,380,218,225,114,215,165,656,57,213,242,526,85,38,269,139,116,100,233,96,180,280,152,148,140,187,116,291,207,91,82,119,141,344,354,97,223,269,36,175,394,91,91,111,54,138,383,112,162,367,276,396,89,107,54,20,72,160,200,269,637,260,221,294,592,46,230,96,265,214,89,299,346,270,601,140,89,98,235,230,27,365,444,778,119,78,97,136,181,37,331,244,106,91,252,241,109,283,41,281,130,0,422,131,75,96,139,139,218,269,459,311,114,194,153,176,196,109,187,387,239,144,108,354,235,500,156,293,236,51,130,259,93,46,258,91,118,126,363,149,111,128,301,786,230,144,499,261,223,335,125,221,130,114,136,213,67,165,248,349,200,407,91,47,190,1891,21,316,334,122,90,103,218,143,126,147,186,123,278,228,111,80,71,69,85,159,145,115,201,92,273,231,168,158,463,146,158,96,237,68,183,61,194,228,813,234,218,349,373,372,100,116,203,224,61,123,124,451,189,63,355,214,380,125,201,189,159,113,222,235,92,64,161,113,307,703,141,246,146,95,234,151,110,113,185,125,149,285,502,31,54,98,127,469,77,180,319,174,237,52,87,143,116,301,88,92,440,83,172,57,61,42,207,124,37,161,449,51,311,343,143,254,40,400,261,180,136,258,104,297,146,212,198,318,139,56,180,331,456,84,160,243,502,406,733,338,180,73,462,58,135,75,379,347,222,121,67,255,164,131,49,452,64,113,140,378,147,198,126,274,271,144,245,109,55,728,232,336,169,178,220,91,99,326,190,87,88,249,185,174,297,342,170,154,379,442,72,140,548,210,144,214,149,74,294,139,180,175,49,307,132,356,287,156,247,86,90,106,152,117,133,67,72,111,88,168,253,106,373,54,497,172,285,95,292,105,42,246,34,202,79,88,224,231,123,106,56,40,242,44,276,159,169,190,361,76,150,320,233,108,144,114,136,192,110,74,163,279,396,258,320,248,295,279,53,174,234,247,87,112,48,38,213,209,66,372,133,376,139,423,340,156,271,450,136,78,112,40,586,316,126,227,59,644,124,190,200,156,238,114,199,120,75,394,208,49,240,554,79,394,40,113,330,280,136,95,75,468,498,53,165,406,232,212,130,213,57,188,218,348,432,53,67,204,127,94,311,244,101,168,133,265,223,168,119,246,182,200,407,94,217,136,140,114,152,128,943,342,163,90,302,762,70,29,183,34,12,13,206,134,295,118,21,335,39,60,27,191,307,192,278,92,73,132,32,138,63,74,170,46,348,320,294,220,56,132,127,70,265,298,379,183,398,212,205,128,225,102,949,457,43,248,124,112,103,135,611,222,253,196,109,60,179,165,511,245,418,142,319,459,109,201,213,290,34,118,139,1258,69,497,101,127,216,82,136,244,118,192,418,298,244,305,521,156,108,113,58,50,274,234,117,387,146,328,550,147,309,87,163,145,93,141,114,296,243,261,555,139,190,192,132,153,82,164,154,145,338,257,49,154,115,669,208,61,117,241,513,218,389,257,507,86,228,171,116,366,123,87,192,212,290,78,389,329,301,118,311,231,248,161,133,55,192,160,73,345,62,157,237,201,52,112,169,31,238,160,127,249,242,114,172,89,291,71,147,390,139,109,159,79,134,132,117,151,97,248,177,199,100,56,52,194,143,180,421,226,81,289,271,151,124,134,225,284,268,152,396,248,196,198,148,226,107,140,509,172,63,237,175,398,235,146,236,146,94,431,251,169,58,427,235,113,69,494,99,316,361,90,174,78,94,352,68,319,119,51,37,170,94,134,72,62,299,148,157,117,279,99,125,177,337,172,131,157,16,147,546,958,72,169,344,200,285,143,28,145,111,52,146,322,136,61,109,246,219,245,356,457,310,140,103,59,51,12,116,136,162,380,158,176,142,229,286,113,445,31,409,260,218,72,120,336,113,237,194,235,211,150,35,302,138,74,297,309,927,132,311,355,64,257,0,844,207,498,446,37,111,148,35,192,201,213,218,302,223,99,126,1521,227,221,19,73,109,106,197,38,101,228,68,285,383,210,67,49,187,167,148,185,193,620,324,303,277,180,191,165,244,129,254,161,103,188,237,310,94,71,86,66,151,269,199,110,361,86,164,107,19,262,120,280,367,149,37,124,96,261,65,224,293,161,74,93,122,27,148,160,91,144,113,225,125,108,156,180,288,129,144,42,426,202,310,135,131,119,211,182,84,127,286,286,271,101,406,251,454,282,115,238,422,215,107,386,148,351,283,117,297,169,133,424,290,216,159,31,37,481,153,197,155,128,196,85,260,163,88,135,325,96,163,149,328,112,45,238,174,258,253,150,95,130,317,87,218,95,243,198,208,298,145,75,188,77,547,206,285,124,107,264,198,98,124,67,177,285,205,162,114,22,40,360,438,63,44,152,415,118,233,247,271,134,227,205,133,205,357,129,166,59,43,65,58,141,152,177,96,236,59,276,118,260,89,103,129,54,89,302,923,30,328,169,145,262,120,184,155,177,194,340,199,116,121,136,76,91,234,65,57,630,25,42,22,78,244,94,163,116,63,450,273,458,149,76,113,388,69,370,427,76,354,302,212,131,250,186,182,203,417,226,62,167,57,174,430,413,406,314,143,185,11,70,184,259,454,121,170,234,212,223,140,406,189,424,106,66,156,214,444,359,350,232,102,29,490,252,52,97,58,127,145,443,119,109,294,50,33,290,217,302,156,116,205,581,205,77,431,547,84,108,169,183,813,446,203,376,31,198,409,365,87,316,391,158,270,390,114,86,221,409,256,135,228,191,465,135,123,142,379,221,197,77,95,405,146,188,267,78,115,225,32,253,173,128,110,317,74,417,89,426,327,211,167,55,207,66,367,185,344,394,278,211,422,193,341,461,196,168,154,134,61,171,944,245,182,255,33,579,339,262,175,192,126,284,430,58,151,274,73,179,266,124,79,79,102,121,220,157,336,254,255,128,456,169,71,215,125,173,105,149,187,270,150,127,120,211,169,125,126,53,46,176,67,102,161,173,273,184,286,76,154,153,197,101,179,133,240,143,30,106,470,49,327,55,297,267,136,135,194,373,219,352,375,239,142,98,260,293,309,234,187,166,299,48,229,97,256,67,210,73,21,110,215,249,248,193,538,78,286,61,90,531,265,397,241,340,79,193,119,148,102,110,64,67,402,59,114,67,118,171,99,89,359,347,91,99,72,247,168,150,525,93,107,563,28,91,168,146,208,223,257,218,324,28,236,473,123,673,93,142,165,158,103,85,138,213,90,401,159,75,132,720,289,165,61,218,330,47,79,545,256,132,76,140,147,222,39,258,60,58,61,122,208,150,523,49,155,486,47,165,234,193,127,187,185,392,532,118,233,299,310,168,104,161,204,149,259,93,118,78,128,263,194,63,349,859,240,134,92,248,231,123,220,0,101,209,72,316,292,192,189,66,304,94,311,209,161,347,75,200,41,254,367,102,272,110,673,345,371,401,138,374,76,251,86,179,121,726,149,207,96,57,224,114,124,206,174,300,268,129,184,251,214,245,405,272,68,39,94,231,314,104,486,249,175,118,64,67,111,116,439,169,151,222,177,202,404,110,326,301,178,95,91,332,164,837,314,177,85,280,149,97,51,54,39,75,58,268,297,61,301,168,290,212,636,463,188,552,120,34,216,304,337,222,405,68,322,396,77,116,309,248,166,269,234,72,325,133,398,341,44,115,97,41,235,123,170,426,166,107,125,154,131,89,123,179,141,234,29,86,136,120,128,158,129,186,133,316,111,237,63,85,82,432,186,132,139,72,107,264,146,31,221,424,440,286,65,133,499,290
21_U2AF1,215,177,301,241,119,204,349,228,219,94,176,190,187,390,214,249,111,136,92,306,337,450,134,187,196,232,65,195,393,99,118,180,281,141,119,364,161,183,242,295,289,193,352,164,267,196,112,161,159,248,72,228,168,147,139,268,748,125,223,150,249,196,195,78,262,127,311,239,286,138,193,230,200,298,73,247,98,96,394,151,182,133,107,193,167,201,244,240,579,190,227,245,217,157,267,101,39,148,212,235,199,328,253,55,252,176,341,28,266,207,182,126,225,156,401,124,356,162,61,116,572,335,191,377,188,275,270,275,181,120,126,210,699,140,380,109,330,593,183,199,173,69,119,188,349,228,299,111,174,327,112,158,279,203,274,343,169,189,1,251,254,355,103,102,164,464,261,1,216,312,115,390,420,134,186,168,42,32,221,252,30,375,353,326,468,118,165,174,302,441,251,110,243,217,365,159,216,119,276,147,134,192,248,214,120,279,130,271,209,185,244,106,238,291,350,131,90,261,266,539,375,385,512,191,259,140,113,132,110,451,174,306,119,233,343,177,121,240,131,226,133,148,227,91,219,134,72,227,131,142,119,0,78,125,254,125,185,170,182,545,171,238,142,337,99,429,304,175,229,328,176,224,435,166,184,479,275,277,85,107,89,241,261,126,118,110,149,258,84,568,549,266,177,152,159,164,89,125,137,178,212,188,160,305,262,345,340,178,155,77,288,108,153,146,415,90,223,306,162,333,255,211,127,115,359,522,637,163,474,385,155,110,237,152,258,233,401,94,131,347,124,193,187,53,169,176,89,154,132,282,215,757,269,81,157,160,97,213,107,168,203,219,183,174,198,184,372,309,262,256,308,223,213,120,141,111,149,90,110,263,279,288,241,218,286,180,73,241,201,115,106,182,175,138,151,199,142,339,115,342,155,168,104,192,211,123,183,156,311,198,196,193,204,318,212,398,128,149,389,86,321,200,249,259,117,93,151,206,127,261,680,250,180,158,186,185,161,334,147,229,436,277,87,235,182,111,150,204,422,291,162,594,210,278,224,329,311,241,242,240,246,179,231,116,183,143,272,102,219,492,153,195,294,224,217,398,437,182,171,241,134,76,144,281,426,230,64,198,115,341,99,165,507,149,175,248,315,150,232,91,173,179,321,133,284,121,248,201,86,184,169,169,182,332,185,145,182,115,172,279,199,202,290,180,459,196,371,66,158,167,557,145,34,288,268,327,162,115,213,194,94,65,29,144,328,149,151,578,138,272,267,192,134,197,178,117,256,257,180,123,259,292,179,333,183,174,269,156,216,192,424,137,210,204,241,86,173,176,247,563,187,123,146,190,463,515,430,205,205,107,417,198,5,121,407,120,57,110,255,127,186,271,89,236,230,117,250,206,209,192,172,224,108,36,99,101,80,136,19,554,572,209,123,167,227,227,307,174,113,80,343,114,118,183,175,95,282,104,201,222,377,68,309,181,248,320,200,179,227,114,120,253,132,141,230,218,262,145,127,228,302,433,415,535,228,158,109,127,131,267,307,259,273,260,361,123,154,174,98,370,172,190,221,168,142,76,148,271,201,124,236,214,223,182,326,70,240,124,296,190,205,387,292,93,255,156,231,329,143,216,366,286,162,213,473,152,27,405,182,162,200,123,300,274,179,181,206,294,214,264,69,108,134,246,334,125,155,206,256,330,140,78,339,212,92,79,181,283,140,101,244,119,199,221,90,316,294,109,252,177,177,428,103,361,205,293,1066,37,131,116,313,244,186,167,86,337,307,145,98,227,160,320,258,185,318,308,150,262,100,155,88,110,332,461,189,165,226,297,116,337,253,102,43,162,203,124,72,187,192,125,209,97,157,173,320,237,146,212,154,95,246,149,282,102,181,471,120,311,115,163,177,266,238,263,235,334,133,244,133,111,296,110,177,199,282,74,638,104,305,113,436,322,100,143,158,177,238,137,263,130,110,155,12,104,98,101,189,217,260,382,330,335,245,233,110,159,318,365,259,235,98,335,256,149,209,82,200,202,103,193,87,198,166,97,247,365,285,299,380,244,229,473,363,142,143,117,164,316,161,131,242,311,156,320,64,223,227,185,1091,205,70,103,320,107,118,241,86,425,211,191,103,368,260,115,238,112,195,88,221,196,213,128,173,341,152,348,292,259,243,265,175,277,112,85,89,150,233,57,410,414,304,133,218,159,384,290,173,226,196,226,211,206,251,202,254,327,186,38,137,217,168,250,337,210,125,411,329,185,286,106,119,296,185,221,303,211,192,99,359,175,140,162,146,227,85,166,158,98,36,310,315,395,209,381,137,123,57,232,306,216,241,101,140,163,339,132,225,186,135,379,499,174,81,221,161,173,588,116,161,68,151,51,51,254,89,165,318,76,394,107,140,293,243,248,356,188,274,157,157,139,173,186,94,155,305,98,191,157,282,537,109,378,57,227,204,269,362,156,192,171,278,241,285,420,231,181,207,388,227,231,178,272,175,311,159,225,206,95,307,291,156,227,147,578,343,128,317,256,451,92,355,133,97,300,106,126,297,221,146,194,72,78,190,234,281,352,176,609,230,131,205,194,270,154,254,129,189,148,86,84,218,190,431,158,159,265,75,167,210,266,65,84,267,177,243,218,232,151,128,217,293,357,154,373,124,110,106,107,335,290,235,762,313,477,1119,304,139,137,171,57,238,142,206,223,239,217,206,233,162,157,144,237,304,166,239,267,229,169,156,290,235,109,402,334,337,147,127,157,218,251,134,258,244,245,225,208,187,362,146,175,127,268,210,317,69,233,148,144,328,318,248,135,192,320,423,247,615,229,371,243,180,288,79,119,109,345,196,291,261,202,162,112,101,138,231,132,124,61,228,82,277,340,151,239,216,111,161,268,184,174,123,58,103,268,192,190,300,275,695,70,185,80,199,173,115,150,284,448,516,133,267,360,233,168,73,159,254,77,221,160,283,331,126,196,96,348,170,132,334,292,425,187,55,181,207,262,79,315,319,215,226,247,256,145,259,108,152,120,0,315,214,191,278,117,102,197,307,349,287,116,233,174,164,227,295,252,262,295,206,294,322,229,646,157,100,153,153,86,39,153,221,262,185,304,301,247,207,147,239,252,611,280,154,479,424,149,277,85,146,121,183,165,400,257,220,124,247,123,268,189,209,193,1819,120,172,184,143,177,200,374,239,132,108,158,107,306,176,155,165,94,133,71,232,213,265,196,117,245,241,166,219,296,312,216,161,209,157,140,112,247,140,542,261,217,212,203,142,152,257,256,259,106,183,239,309,131,186,217,171,366,134,110,141,170,194,141,340,127,17,195,166,264,312,199,244,248,221,156,166,99,144,200,212,475,234,222,182,146,223,299,467,148,194,271,155,331,187,171,157,435,235,137,227,310,292,257,143,66,140,316,161,278,239,147,165,283,214,166,234,117,205,223,148,124,186,181,162,157,246,233,335,224,91,168,274,149,54,261,300,245,281,762,373,249,168,320,96,264,156,250,255,298,154,180,234,182,169,58,214,84,219,181,343,161,91,272,232,425,145,241,232,99,279,227,221,246,138,147,332,182,224,163,63,103,139,181,137,443,240,127,102,193,341,148,95,468,96,400,275,457,327,263,173,137,257,57,277,222,323,285,83,240,285,150,168,146,199,177,97,131,117,222,233,179,104,351,155,259,225,394,169,333,148,149,248,84,205,170,121,161,183,110,149,167,124,345,186,162,152,223,251,266,127,128,361,401,272,142,355,283,125,76,145,114,220,421,213,266,304,158,336,74,130,229,264,157,213,257,113,218,222,274,270,152,245,339,280,213,191,159,362,310,172,119,114,349,335,144,175,181,431,151,116,190,150,127,259,128,170,285,413,263,248,387,271,115,312,55,239,165,162,222,124,178,280,320,342,187,265,197,284,121,138,268,347,124,175,252,47,134,193,299,271,251,226,143,168,387,210,188,221,138,188,265,530,292,74,196,259,139,180,130,220,953,224,267,78,296,318,213,84,227,85,30,33,166,147,130,83,44,216,22,34,9,306,329,202,273,99,221,218,250,334,129,206,147,180,293,246,166,186,262,124,180,131,413,292,369,242,353,224,175,114,182,220,634,288,100,233,170,157,103,151,257,167,275,151,141,63,178,97,478,253,314,152,280,238,181,127,168,297,175,158,85,539,111,311,320,118,274,183,76,217,119,290,302,182,189,211,282,175,185,199,73,50,310,261,249,224,180,220,232,129,427,182,196,137,87,215,220,136,263,214,377,176,190,230,171,75,134,195,330,109,196,178,160,166,136,534,274,190,141,443,241,213,234,258,696,165,243,109,192,266,238,249,135,176,318,122,309,265,250,108,332,371,174,175,216,274,145,180,124,314,283,259,217,157,25,172,133,132,156,264,171,154,224,184,163,120,238,81,454,274,143,97,172,75,301,33,240,228,119,256,230,206,174,166,64,247,232,214,371,149,167,164,122,219,254,138,197,193,86,153,179,185,195,175,267,140,64,186,243,273,168,122,95,363,204,149,256,142,127,325,280,134,103,145,262,152,144,370,176,294,343,213,303,84,291,137,87,195,146,183,151,166,270,49,119,135,123,155,81,227,352,115,128,249,242,264,207,141,73,211,520,528,145,69,364,201,206,348,73,181,185,124,190,258,156,316,140,295,122,251,148,181,329,126,100,229,67,153,244,219,109,367,175,363,460,153,391,127,296,142,484,258,156,159,106,202,188,99,186,230,231,210,122,200,212,128,190,293,957,218,569,184,100,169,0,588,275,376,297,113,90,157,169,135,266,209,280,331,223,52,149,886,266,278,107,67,447,186,219,262,111,217,127,198,266,184,101,74,368,287,166,222,132,323,250,280,92,192,220,77,339,120,217,199,135,165,306,230,223,108,109,70,174,220,203,164,151,131,386,94,81,218,304,121,209,121,35,66,124,246,85,352,286,387,150,99,203,123,140,226,151,232,136,156,196,104,151,229,178,145,206,150,231,389,516,110,224,130,250,250,285,88,388,249,291,168,281,205,271,226,169,280,152,259,166,292,212,312,312,235,208,72,109,186,308,155,165,185,166,314,371,157,198,209,150,233,238,158,142,93,286,144,167,183,178,197,43,271,169,306,178,305,165,150,234,71,243,75,147,261,278,135,276,88,145,124,284,158,175,117,95,221,183,64,128,187,183,225,78,110,268,157,43,225,334,85,159,191,466,227,380,249,294,156,211,159,338,320,368,205,180,87,308,95,59,92,172,273,145,132,161,341,155,139,187,232,143,108,189,254,733,103,259,227,126,247,231,201,233,154,152,180,193,91,142,161,123,79,184,101,33,148,94,99,16,111,159,205,136,161,56,375,239,332,315,103,149,443,95,411,290,209,288,167,287,239,173,223,116,158,280,145,80,295,119,521,184,220,187,373,146,192,180,178,213,207,145,44,73,217,466,134,342,150,117,344,101,163,110,230,328,281,234,212,79,113,274,247,317,267,79,163,129,376,70,192,221,106,162,287,174,206,104,213,238,471,221,157,225,423,79,205,151,176,469,302,212,346,121,120,365,222,107,242,233,123,157,246,229,107,148,402,149,107,219,355,329,235,211,255,348,249,177,129,79,496,123,275,201,105,190,166,82,181,135,97,85,378,213,361,117,316,235,294,115,240,235,226,251,417,269,280,187,136,285,116,201,357,294,189,115,205,171,162,386,141,289,299,187,538,270,283,184,179,228,507,438,108,215,192,112,133,677,213,110,165,279,133,322,350,193,332,213,126,444,170,106,288,155,196,311,155,146,254,210,204,52,353,309,204,180,58,23,221,213,98,279,174,241,289,192,309,151,146,196,175,172,131,455,35,81,179,203,64,113,193,239,299,322,92,174,283,99,293,250,211,236,110,255,204,138,214,485,164,476,158,219,115,318,183,153,64,142,151,140,262,193,201,684,197,342,123,143,278,249,283,216,380,470,223,203,324,122,162,158,57,245,170,130,105,289,240,119,119,320,235,198,141,316,228,190,161,424,126,116,425,77,74,152,268,172,173,132,219,246,79,420,312,274,1011,78,127,284,131,150,127,65,190,139,398,197,154,217,476,367,207,169,216,206,103,248,651,235,118,183,141,89,379,254,119,173,91,188,136,271,164,578,171,259,512,58,197,286,113,146,312,269,230,257,219,216,332,275,195,91,228,234,182,293,160,168,272,101,196,164,142,129,339,77,131,197,376,281,77,184,0,295,231,184,198,175,231,187,59,230,66,193,301,144,174,248,333,96,176,152,270,203,180,532,354,652,311,198,186,151,231,243,359,127,569,203,26,217,175,264,200,138,171,337,345,184,216,172,201,194,269,166,369,57,161,145,207,173,243,371,157,178,197,112,191,112,134,457,137,188,109,161,411,237,170,163,222,143,61,139,338,167,717,213,154,298,221,167,106,104,189,61,220,86,226,198,105,259,192,311,162,431,239,299,352,141,57,174,222,142,205,333,53,318,249,77,317,332,178,169,181,188,182,134,132,211,438,127,126,158,139,176,164,153,376,210,235,187,196,250,122,153,215,120,308,27,27,87,74,65,165,171,208,155,212,132,311,166,136,120,247,265,145,292,96,123,288,155,348,249,228,294,237,114,168,293,107
